# Made in Blockbench 5.1.1
mtllib materials.mtl

o cube
v -0.5871766760743172 0.5332553198370069 -0.02500000000000003
v -0.5871766760743172 0.5332553198370069 0.02499999999999996
v -0.6932426932522994 0.7807426932522985 0.024999999999999994
v -0.6932426932522994 0.7807426932522985 -0.024999999999999994
v -0.4457553198370078 0.6746766760743166 -0.02499999999999996
v -0.6932426932522994 0.7807426932522985 -0.024999999999999994
v -0.4457553198370078 0.6746766760743166 0.02500000000000003
v -0.6932426932522994 0.7807426932522985 0.024999999999999994
vt 0.3125 0.4375
vt 0.34375 0.4375
vt 0.34375 0.5625
vt 0.3125 0.5625
vt 0.375 0.90251
vt 0.46875 0.8653709375
vt 0.46875 1
vt 0.4678478125 1
vt 0.1875 0.34375
vt 0.21875 0.34375
vt 0.21875 0.46875
vt 0.1875 0.46875
vt 0.375 0.7150099999999999
vt 0.46875 0.6778709375
vt 0.46875 0.8125
vt 0.4678478125 0.8125
vt 0 1
vt 0.03125 1
vt 0.03125 1
vt 0 1
vt 0.09375 0.21875
vt 0.125 0.21875
vt 0.125 0.3125
vt 0.09375 0.3125
vn -0.9191450300180577 -0.3939192985791681 -2.478250225718441e-16
vn 2.3551386880256624e-16 2.355138688025664e-16 -1
vn 0.3939192985791673 0.9191450300180581 1.8951325255493958e-16
vn -2.3551386880256624e-16 -2.355138688025664e-16 1
vn 0 0 0
vn 0.707106781186548 -0.7071067811865472 7.850462293418891e-17
usemtl m_4a260480-63b4-389e-71a8-446162ddc410
f 1/1/1 2/2/1 3/3/1 4/4/1
f 5/5/2 1/6/2 4/7/2 6/8/2
f 7/9/3 5/10/3 6/11/3 8/12/3
f 2/13/4 7/14/4 8/15/4 3/16/4
f 8/17/5 6/18/5 4/19/5 3/20/5
f 2/21/6 1/22/6 5/23/6 7/24/6
o cube
v 0.07573593128807138 -0.12965728752538114 -0.02500000000000003
v 0.07573593128807138 -0.12965728752538114 0.02499999999999996
v -0.49878832842599874 0.44486697218868854 0.02499999999999996
v -0.49878832842599874 0.44486697218868854 -0.02500000000000003
v 0.21715728752538083 0.011764068711928422 -0.02499999999999996
v -0.3573669721886893 0.586288328425998 -0.02499999999999996
v 0.21715728752538083 0.011764068711928422 0.02500000000000003
v -0.3573669721886893 0.586288328425998 0.02500000000000003
vt 0.25 0.59375
vt 0.28125 0.59375
vt 0.28125 1
vt 0.25 1
vt 0 0.59375
vt 0.09375 0.59375
vt 0.09375 1
vt 0 1
vt 0.3125 0.59375
vt 0.34375 0.59375
vt 0.34375 1
vt 0.3125 1
vt 0.125 0.59375
vt 0.21875 0.59375
vt 0.21875 1
vt 0.125 1
vt 0.15625 0.21875
vt 0.1875 0.21875
vt 0.1875 0.3125
vt 0.15625 0.3125
vt 0.21875 0.21875
vt 0.25 0.21875
vt 0.25 0.3125
vt 0.21875 0.3125
vn -0.7071067811865474 -0.7071067811865479 -2.355138688025663e-16
vn 2.3551386880256624e-16 2.355138688025664e-16 -1
vn 0.7071067811865474 0.7071067811865479 2.355138688025663e-16
vn -2.3551386880256624e-16 -2.355138688025664e-16 1
vn -0.707106781186548 0.7071067811865472 -7.850462293418891e-17
vn 0.707106781186548 -0.7071067811865472 7.850462293418891e-17
usemtl m_4a260480-63b4-389e-71a8-446162ddc410
f 9/25/7 10/26/7 11/27/7 12/28/7
f 13/29/8 9/30/8 12/31/8 14/32/8
f 15/33/9 13/34/9 14/35/9 16/36/9
f 10/37/10 15/38/10 16/39/10 11/40/10
f 16/41/11 14/42/11 12/43/11 11/44/11
f 10/45/12 9/46/12 13/47/12 15/48/12
o cube
v -0.49878832842599874 0.44486697218868854 -0.02500000000000003
v -0.49878832842599874 0.44486697218868854 0.02499999999999996
v -0.5871766760743171 0.5332553198370068 0.02499999999999996
v -0.5871766760743171 0.5332553198370068 -0.02500000000000003
v -0.3573669721886893 0.586288328425998 -0.02499999999999996
v -0.4457553198370078 0.6746766760743165 -0.02499999999999996
v -0.3573669721886893 0.586288328425998 0.02500000000000003
v -0.4457553198370078 0.6746766760743165 0.02500000000000003
vt 0.6875 0.65625
vt 0.71875 0.65625
vt 0.71875 0.71875
vt 0.6875 0.71875
vt 0.1875 0.5
vt 0.28125 0.5
vt 0.28125 0.5625
vt 0.1875 0.5625
vt 0.71875 0.9375
vt 0.75 0.9375
vt 0.75 1
vt 0.71875 1
vt 0.4375 0.5625
vt 0.53125 0.5625
vt 0.53125 0.625
vt 0.4375 0.625
vt 0.28125 0.21875
vt 0.3125 0.21875
vt 0.3125 0.3125
vt 0.28125 0.3125
vt 0.34375 0.21875
vt 0.375 0.21875
vt 0.375 0.3125
vt 0.34375 0.3125
vn -0.7071067811865474 -0.7071067811865479 -2.355138688025663e-16
vn 2.3551386880256624e-16 2.355138688025664e-16 -1
vn 0.7071067811865474 0.7071067811865479 2.355138688025663e-16
vn -2.3551386880256624e-16 -2.355138688025664e-16 1
vn -0.707106781186548 0.7071067811865472 -7.850462293418891e-17
vn 0.707106781186548 -0.7071067811865472 7.850462293418891e-17
usemtl m_4a260480-63b4-389e-71a8-446162ddc410
f 17/49/13 18/50/13 19/51/13 20/52/13
f 21/53/14 17/54/14 20/55/14 22/56/14
f 23/57/15 21/58/15 22/59/15 24/60/15
f 18/61/16 23/62/16 24/63/16 19/64/16
f 24/65/17 22/66/17 20/67/17 19/68/17
f 18/69/18 17/70/18 21/71/18 23/72/18
o cube
v -0.5164659979556625 0.6039659979556616 -0.025031249999999994
v -0.5164659979556625 0.6039659979556616 0.025031249999999994
v -0.604854345603981 0.6923543456039801 0.025031249999999994
v -0.604854345603981 0.6923543456039801 -0.025031249999999994
v -0.5164659979556625 0.6039659979556616 -0.025031249999999994
v -0.604854345603981 0.6923543456039801 -0.025031249999999994
v -0.5164659979556625 0.6039659979556616 0.025031249999999994
v -0.604854345603981 0.6923543456039801 0.025031249999999994
vt 0.71875 0.84375
vt 0.75 0.84375
vt 0.75 0.90625
vt 0.71875 0.90625
vt 0 1
vt 0 1
vt 0 1
vt 0 1
vt 0.71875 0.75
vt 0.75 0.75
vt 0.75 0.8125
vt 0.71875 0.8125
vt 0 1
vt 0 1
vt 0 1
vt 0 1
vt 0 1
vt 0.03125 1
vt 0.03125 1
vt 0 1
vt 0 1
vt 0.03125 1
vt 0.03125 1
vt 0 1
vn -0.7071067811865474 -0.7071067811865479 -2.355138688025663e-16
vn 0 0 0
vn 0.7071067811865474 0.7071067811865479 2.355138688025663e-16
vn 0 0 0
vn 0 0 0
vn 0 0 0
usemtl m_4a260480-63b4-389e-71a8-446162ddc410
f 25/73/19 26/74/19 27/75/19 28/76/19
f 29/77/20 25/78/20 28/79/20 30/80/20
f 31/81/21 29/82/21 30/83/21 32/84/21
f 26/85/22 31/86/22 32/87/22 27/88/22
f 32/89/23 30/90/23 28/91/23 27/92/23
f 26/93/24 25/94/24 29/95/24 31/96/24
o cube
v 0.4381281566461771 -0.4116161165235169 -0.043125000000000004
v 0.4381281566461771 -0.4116161165235169 0.043124999999999976
v 0.13849165811837755 -0.11197961799571748 0.043124999999999976
v 0.13849165811837755 -0.11197961799571748 -0.043125000000000004
v 0.4991161165235168 -0.3506281566461771 -0.043124999999999976
v 0.19947961799571717 -0.05099165811837775 -0.043124999999999976
v 0.4991161165235168 -0.35062815664617714 0.043125000000000004
v 0.19947961799571717 -0.05099165811837775 0.043125000000000004
vt 0.375 0.4375
vt 0.40625 0.4375
vt 0.40625 0.65625
vt 0.375 0.65625
vt 0 0.34375
vt 0.03125 0.34375
vt 0.03125 0.5625
vt 0 0.5625
vt 0.0625 0.34375
vt 0.09375 0.34375
vt 0.09375 0.5625
vt 0.0625 0.5625
vt 0.125 0.34375
vt 0.15625 0.34375
vt 0.15625 0.5625
vt 0.125 0.5625
vt 0.375 0.8125
vt 0.40625 0.8125
vt 0.40625 0.84375
vt 0.375 0.84375
vt 0.25 0.4375
vt 0.28125 0.4375
vt 0.28125 0.46875
vt 0.25 0.46875
vn -0.7071067811865474 -0.7071067811865479 -2.355138688025663e-16
vn 2.3551386880256624e-16 2.355138688025664e-16 -1
vn 0.7071067811865474 0.7071067811865479 2.355138688025663e-16
vn -2.3551386880256624e-16 -2.355138688025664e-16 1
vn -0.707106781186548 0.7071067811865472 -7.850462293418891e-17
vn 0.707106781186548 -0.7071067811865472 7.850462293418891e-17
usemtl m_4a260480-63b4-389e-71a8-446162ddc410
f 33/97/25 34/98/25 35/99/25 36/100/25
f 37/101/26 33/102/26 36/103/26 38/104/26
f 39/105/27 37/106/27 38/107/27 40/108/27
f 34/109/28 39/110/28 40/111/28 35/112/28
f 40/113/29 38/114/29 36/115/29 35/116/29
f 34/117/30 33/118/30 37/119/30 39/120/30
o cube
v 0.16412427893638976 -0.04126893987706265 -0.06249999999999998
v 0.16412427893638976 -0.04126893987706265 0.06249999999999999
v 0.10667185296498277 0.016183486094344224 0.06249999999999999
v 0.10667185296498277 0.016183486094344224 -0.06249999999999998
v 0.2569320439671241 0.05153882515367175 -0.06249999999999993
v 0.19947961799571706 0.10899125112507863 -0.06249999999999993
v 0.2569320439671241 0.05153882515367175 0.06250000000000004
v 0.19947961799571706 0.10899125112507863 0.06250000000000004
vt 0.71875 0.40625
vt 0.78125 0.40625
vt 0.78125 0.4375
vt 0.71875 0.4375
vt 0.71875 0.34375
vt 0.78125 0.34375
vt 0.78125 0.375
vt 0.71875 0.375
vt 0.71875 0.28125
vt 0.78125 0.28125
vt 0.78125 0.3125
vt 0.71875 0.3125
vt 0.75 0.6875
vt 0.8125 0.6875
vt 0.8125 0.71875
vt 0.75 0.71875
vt 0.5 0.65625
vt 0.5625 0.65625
vt 0.5625 0.71875
vt 0.5 0.71875
vt 0.5625 0.5625
vt 0.625 0.5625
vt 0.625 0.625
vt 0.5625 0.625
vn -0.7071067811865474 -0.7071067811865479 -2.355138688025663e-16
vn 2.3551386880256624e-16 2.355138688025664e-16 -1
vn 0.7071067811865474 0.7071067811865479 2.355138688025663e-16
vn -2.3551386880256624e-16 -2.355138688025664e-16 1
vn -0.707106781186548 0.7071067811865472 -7.850462293418891e-17
vn 0.707106781186548 -0.7071067811865472 7.850462293418891e-17
usemtl m_4a260480-63b4-389e-71a8-446162ddc410
f 41/121/31 42/122/31 43/123/31 44/124/31
f 45/125/32 41/126/32 44/127/32 46/128/32
f 47/129/33 45/130/33 46/131/33 48/132/33
f 42/133/34 47/134/34 48/135/34 43/136/34
f 48/137/35 46/138/35 44/139/35 43/140/35
f 42/141/36 41/142/36 45/143/36 47/144/36
o cube
v 0.07618008273500426 -0.22965765434599744 -0.043750000000000046
v 0.07618008273500426 -0.22965765434599744 0.043749999999999935
v 0.013680240171140057 -0.22965721240425924 0.04374999999999992
v 0.013680240171140057 -0.22965721240425924 -0.04375000000000006
v 0.0761800827350042 -0.09840714527257993 -0.04375000000000002
v 0.013680240171140057 -0.09840758721431825 -0.04375000000000003
v 0.0761800827350042 -0.09840714527257993 0.04374999999999996
v 0.013680240171140057 -0.09840758721431825 0.04374999999999995
vt 0.84375 0.90625
vt 0.875 0.90625
vt 0.875 0.9375
vt 0.84375 0.9375
vt 0.75 0.65625
vt 0.75 0.59375
vt 0.78125 0.59375
vt 0.78125 0.65625
vt 0.84375 0.84375
vt 0.875 0.84375
vt 0.875 0.875
vt 0.84375 0.875
vt 0.40625 0.21875
vt 0.46875 0.21875
vt 0.46875 0.25
vt 0.40625 0.25
vt 0.53125 0.25
vt 0.5 0.25
vt 0.5 0.1875
vt 0.53125 0.1875
vt 0.75 0.5
vt 0.78125 0.5
vt 0.78125 0.5625
vt 0.75 0.5625
vn -0.000007071085623255868 -0.999999999975 -1.110238725561537e-16
vn 2.3551386880256624e-16 2.355138688025664e-16 -1
vn -0.000007071085624366091 0.999999999975 1.1102073236332627e-16
vn -2.3551386880256624e-16 -2.355138688025664e-16 1
vn -1 -1.1102230246251563e-16 -2.2204460492503136e-16
vn 1 3.3306690738754686e-16 2.220446049250314e-16
usemtl m_4a260480-63b4-389e-71a8-446162ddc410
f 49/145/37 50/146/37 51/147/37 52/148/37
f 53/149/38 49/150/38 52/151/38 54/152/38
f 55/153/39 53/154/39 54/155/39 56/156/39
f 50/157/40 55/158/40 56/159/40 51/160/40
f 56/161/41 54/162/41 52/163/41 51/164/41
f 50/165/42 49/166/42 53/167/42 55/168/42
o cube
v 0.03154175746391219 -0.17385146134954038 -0.06250000000000004
v 0.03154175746391219 -0.17385146134954038 0.06249999999999993
v -0.025910668507494794 -0.11639903537813351 0.06249999999999993
v -0.025910668507494794 -0.11639903537813351 -0.06250000000000004
v 0.12434952249464654 -0.08104369631880598 -0.0625
v 0.06689709652323955 -0.023591270347399107 -0.0625
v 0.12434952249464654 -0.08104369631880598 0.06249999999999997
v 0.06689709652323955 -0.023591270347399107 0.06249999999999997
vt 0.5625 0.21875
vt 0.625 0.21875
vt 0.625 0.25
vt 0.5625 0.25
vt 0.65625 0.21875
vt 0.71875 0.21875
vt 0.71875 0.25
vt 0.65625 0.25
vt 0.75 0.21875
vt 0.8125 0.21875
vt 0.8125 0.25
vt 0.75 0.25
vt 0 0.1875
vt 0.0625 0.1875
vt 0.0625 0.21875
vt 0 0.21875
vt 0.4375 0.375
vt 0.5 0.375
vt 0.5 0.4375
vt 0.4375 0.4375
vt 0.5625 0.46875
vt 0.625 0.46875
vt 0.625 0.53125
vt 0.5625 0.53125
vn -0.7071067811865474 -0.7071067811865479 -2.355138688025663e-16
vn 2.3551386880256624e-16 2.355138688025664e-16 -1
vn 0.7071067811865474 0.7071067811865479 2.355138688025663e-16
vn -2.3551386880256624e-16 -2.355138688025664e-16 1
vn -0.707106781186548 0.7071067811865472 -7.850462293418891e-17
vn 0.707106781186548 -0.7071067811865472 7.850462293418891e-17
usemtl m_4a260480-63b4-389e-71a8-446162ddc410
f 57/169/43 58/170/43 59/171/43 60/172/43
f 61/173/44 57/174/44 60/175/44 62/176/44
f 63/177/45 61/178/45 62/179/45 64/180/45
f 58/181/46 63/182/46 64/183/46 59/184/46
f 64/185/47 62/186/47 60/187/47 59/188/47
f 58/189/48 57/190/48 61/191/48 63/192/48
o cube
v 0.1834481814410034 0.006900499882579625 -0.04374999999999997
v 0.1834481814410034 0.006900499882579625 0.04375000000000001
v 0.18344862338274154 0.06940034244644389 0.04375000000000003
v 0.18344862338274154 0.06940034244644389 -0.04374999999999995
v 0.31469869051442084 0.00690049988257968 -0.043749999999999935
v 0.3146982485726826 0.06940034244644389 -0.04374999999999992
v 0.31469869051442084 0.00690049988257968 0.043750000000000046
v 0.3146982485726826 0.06940034244644389 0.04375000000000006
vt 0.84375 0.78125
vt 0.875 0.78125
vt 0.875 0.8125
vt 0.84375 0.8125
vt 0.78125 0.96875
vt 0.84375 0.96875
vt 0.84375 1
vt 0.78125 1
vt 0.84375 0.71875
vt 0.875 0.71875
vt 0.875 0.75
vt 0.84375 0.75
vt 0.78125 0.9375
vt 0.78125 0.875
vt 0.8125 0.875
vt 0.8125 0.9375
vt 0.78125 0.78125
vt 0.8125 0.78125
vt 0.8125 0.84375
vt 0.78125 0.84375
vt 0.125 0.1875
vt 0.09375 0.1875
vt 0.09375 0.125
vt 0.125 0.125
vn -0.999999999975 0.000007071085622811777 -2.2204381987127344e-16
vn 2.3551386880256624e-16 2.355138688025664e-16 -1
vn 0.999999999975 0.000007071085624144045 2.2204538996768714e-16
vn -2.3551386880256624e-16 -2.355138688025664e-16 1
vn -1.1102230246251565e-16 1 1.1102230246251565e-16
vn 3.3306690738754696e-16 -1 -1.1102230246251563e-16
usemtl m_4a260480-63b4-389e-71a8-446162ddc410
f 65/193/49 66/194/49 67/195/49 68/196/49
f 69/197/50 65/198/50 68/199/50 70/200/50
f 71/201/51 69/202/51 70/203/51 72/204/51
f 66/205/52 71/206/52 72/207/52 67/208/52
f 72/209/53 70/210/53 68/211/53 67/212/53
f 66/213/54 65/214/54 69/215/54 71/216/54
o cube
v 0.1786376456202437 -0.06634648187184361 -0.06874999999999999
v 0.1786376456202437 -0.06634648187184361 0.06874999999999999
v 0.09808271528225748 -0.05574120597926013 0.06874999999999998
v 0.09808271528225748 -0.05574120597926013 -0.06875
v 0.19740116600076685 0.07617398346847276 -0.06874999999999995
v 0.11684623566278068 0.08677925936105618 -0.06874999999999996
v 0.19740116600076685 0.07617398346847276 0.06875000000000003
v 0.11684623566278068 0.08677925936105618 0.06875000000000002
vt 0.8125 0.625
vt 0.875 0.625
vt 0.875 0.65625
vt 0.8125 0.65625
vt 0.15625 0.1875
vt 0.15625 0.125
vt 0.1875 0.125
vt 0.1875 0.1875
vt 0.3125 0.15625
vt 0.375 0.15625
vt 0.375 0.1875
vt 0.3125 0.1875
vt 0.21875 0.15625
vt 0.28125 0.15625
vt 0.28125 0.1875
vt 0.21875 0.1875
vt 0.3125 0.40625
vt 0.25 0.40625
vt 0.25 0.34375
vt 0.3125 0.34375
vt 0.53125 0.375
vt 0.59375 0.375
vt 0.59375 0.4375
vt 0.53125 0.4375
vn -0.13052641144316435 -0.9914448325125156 -1.3905517353128222e-16
vn 2.3551386880256624e-16 2.355138688025664e-16 -1
vn 0.13052641144316407 0.9914448325125156 1.3905517353128217e-16
vn -2.3551386880256624e-16 -2.355138688025664e-16 1
vn -0.9914445506437494 0.13052855242748215 -2.0565333312516826e-16
vn 0.9914445506437495 -0.130528552427482 2.0565333312516831e-16
usemtl m_4a260480-63b4-389e-71a8-446162ddc410
f 73/217/55 74/218/55 75/219/55 76/220/55
f 77/221/56 73/222/56 76/223/56 78/224/56
f 79/225/57 77/226/57 78/227/57 80/228/57
f 74/229/58 79/230/58 80/231/58 75/232/58
f 80/233/59 78/234/59 76/235/59 75/236/59
f 74/237/60 73/238/60 77/239/60 79/240/60
o cube
v 0.17618000761388222 -0.08868000761388246 -0.08124999999999999
v 0.1761800076138822 -0.08868000761388248 0.08124999999999999
v 0.06368020261057897 -0.08868000761388253 0.08124999999999996
v 0.06368020261057901 -0.0886800076138825 -0.08125000000000002
v 0.17618000761388217 0.02381979738942077 -0.08124999999999996
v 0.06368020261057894 0.02381979738942072 -0.08124999999999999
v 0.17618000761388214 0.023819797389420756 0.08125000000000002
v 0.06368020261057891 0.023819797389420708 0.08124999999999999
vt 0.4375 0.46875
vt 0.53125 0.46875
vt 0.53125 0.53125
vt 0.4375 0.53125
vt 0.59375 0.71875
vt 0.59375 0.65625
vt 0.65625 0.65625
vt 0.65625 0.71875
vt 0.5 0.9375
vt 0.59375 0.9375
vt 0.59375 1
vt 0.5 1
vt 0.34375 0.34375
vt 0.40625 0.34375
vt 0.40625 0.40625
vt 0.34375 0.40625
vt 0.59375 0.90625
vt 0.5 0.90625
vt 0.5 0.84375
vt 0.59375 0.84375
vt 0.5 0.75
vt 0.59375 0.75
vt 0.59375 0.8125
vt 0.5 0.8125
vn 3.3306690738754686e-16 -1 -1.1102230246251559e-16
vn 2.3551386880256624e-16 2.355138688025664e-16 -1
vn -3.3306690738754686e-16 1 1.1102230246251559e-16
vn -2.3551386880256624e-16 -2.355138688025664e-16 1
vn -1 -4.996003610813202e-16 -2.220446049250314e-16
vn 1 4.996003610813202e-16 2.220446049250314e-16
usemtl m_4a260480-63b4-389e-71a8-446162ddc410
f 81/241/61 82/242/61 83/243/61 84/244/61
f 85/245/62 81/246/62 84/247/62 86/248/62
f 87/249/63 85/250/63 86/251/63 88/252/63
f 82/253/64 87/254/64 88/255/64 83/256/64
f 88/257/65 86/258/65 84/259/65 83/260/65
f 82/261/66 81/262/66 85/263/66 87/264/66
o cube
v 0.18014510888938573 -0.06760822553452339 -0.06874999999999999
v 0.18014510888938573 -0.06760822553452339 0.06874999999999999
v 0.09920436341391464 -0.060527435004416597 0.06874999999999998
v 0.09920436341391464 -0.060527435004416597 -0.06875
v 0.18014510888938573 -0.06760822553452339 -0.06874999999999999
v 0.09920436341391464 -0.060527435004416597 -0.06875
v 0.18014510888938573 -0.06760822553452339 0.06874999999999999
v 0.09920436341391464 -0.060527435004416597 0.06874999999999998
vt 0.40625 0.15625
vt 0.46875 0.15625
vt 0.46875 0.1875
vt 0.40625 0.1875
vt 0 0.96875
vt 0 0.96875
vt 0 1
vt 0 1
vt 0.8125 0.5625
vt 0.875 0.5625
vt 0.875 0.59375
vt 0.8125 0.59375
vt 0 0.96875
vt 0 0.96875
vt 0 1
vt 0 1
vt 0 1
vt 0.0625 1
vt 0.0625 1
vt 0 1
vt 0 1
vt 0.0625 1
vt 0.0625 1
vt 0 1
vn -0.08714832729238381 -0.9961953468322062 -1.2995071701127058e-16
vn 0 0 0
vn 0.08714832729238381 0.9961953468322062 1.2995071701127058e-16
vn 0 0 0
vn 0 0 0
vn 0 0 0
usemtl m_4a260480-63b4-389e-71a8-446162ddc410
f 89/265/67 90/266/67 91/267/67 92/268/67
f 93/269/68 89/270/68 92/271/68 94/272/68
f 95/273/69 93/274/69 94/275/69 96/276/69
f 90/277/70 95/278/70 96/279/70 91/280/70
f 96/281/71 94/282/71 92/283/71 91/284/71
f 90/285/72 89/286/72 93/287/72 95/288/72
o cube
v 0.005075634527576256 -0.11078637530246521 -0.06881250000000003
v 0.005075634527576256 -0.11078637530246521 0.06881249999999994
v -0.005545551267583992 -0.030107701277771404 0.06881249999999996
v -0.005545551267583992 -0.030107701277771404 -0.06881250000000001
v 0.14771984355460016 -0.09200694501936518 -0.0688125
v 0.13709865775943997 -0.011328270994671374 -0.06881249999999997
v 0.14771984355460016 -0.09200694501936518 0.06881249999999997
v 0.13709865775943997 -0.011328270994671374 0.0688125
vt 0.5625 0.15625
vt 0.625 0.15625
vt 0.625 0.1875
vt 0.5625 0.1875
vt 0.8125 0.5
vt 0.875 0.5
vt 0.875 0.53125
vt 0.8125 0.53125
vt 0.8125 0.34375
vt 0.875 0.34375
vt 0.875 0.375
vt 0.8125 0.375
vt 0.8125 0.46875
vt 0.8125 0.40625
vt 0.84375 0.40625
vt 0.84375 0.46875
vt 0.625 0.9375
vt 0.6875 0.9375
vt 0.6875 1
vt 0.625 1
vt 0.6875 0.90625
vt 0.625 0.90625
vt 0.625 0.84375
vt 0.6875 0.84375
vn -0.9914454388655292 -0.1305218056599675 -2.3463594216355535e-16
vn 2.3551386880256624e-16 2.355138688025664e-16 -1
vn 0.9914454388655292 0.130521805659967 2.346359421635553e-16
vn -2.3551386880256624e-16 -2.355138688025664e-16 1
vn -0.13052594557122021 0.9914448938457139 8.108991286262785e-17
vn 0.13052594557122046 -0.9914448938457139 -8.108991286262779e-17
usemtl m_4a260480-63b4-389e-71a8-446162ddc410
f 97/289/73 98/290/73 99/291/73 100/292/73
f 101/293/74 97/294/74 100/295/74 102/296/74
f 103/297/75 101/298/75 102/299/75 104/300/75
f 98/301/76 103/302/76 104/303/76 99/304/76
f 104/305/77 102/306/77 100/307/77 99/308/77
f 98/309/78 97/310/78 101/311/78 103/312/78
o cube
v 0.4292893218813453 -0.43026605787731204 -0.06256250000000001
v 0.4292893218813453 -0.43026605787731204 0.06256249999999995
v 0.3982650118567855 -0.3992417478527523 0.06256249999999995
v 0.39826501185678553 -0.3992417478527523 -0.06256250000000001
v 0.517766057877312 -0.34178932188134525 -0.06256249999999995
v 0.4867417478527522 -0.3107650118567855 -0.06256249999999995
v 0.517766057877312 -0.34178932188134525 0.06256250000000001
v 0.48674174785275215 -0.3107650118567855 0.06256250000000001
vt 0.65625 0.15625
vt 0.71875 0.15625
vt 0.71875 0.1875
vt 0.65625 0.1875
vt 0.8125 0.28125
vt 0.875 0.28125
vt 0.875 0.3125
vt 0.8125 0.3125
vt 0.75 0.15625
vt 0.8125 0.15625
vt 0.8125 0.1875
vt 0.75 0.1875
vt 0 0.125
vt 0.0625 0.125
vt 0.0625 0.15625
vt 0 0.15625
vt 0.625 0.75
vt 0.6875 0.75
vt 0.6875 0.8125
vt 0.625 0.8125
vt 0.625 0.375
vt 0.6875 0.375
vt 0.6875 0.4375
vt 0.625 0.4375
vn -0.7071067811865474 -0.7071067811865479 -2.355138688025663e-16
vn 2.3551386880256624e-16 2.355138688025664e-16 -1
vn 0.7071067811865474 0.7071067811865479 2.355138688025663e-16
vn -2.3551386880256624e-16 -2.355138688025664e-16 1
vn -0.707106781186548 0.7071067811865472 -7.850462293418891e-17
vn 0.707106781186548 -0.7071067811865472 7.850462293418891e-17
usemtl m_4a260480-63b4-389e-71a8-446162ddc410
f 105/313/79 106/314/79 107/315/79 108/316/79
f 109/317/80 105/318/80 108/319/80 110/320/80
f 111/321/81 109/322/81 110/323/81 112/324/81
f 106/325/82 111/326/82 112/327/82 107/328/82
f 112/329/83 110/330/83 108/331/83 107/332/83
f 106/333/84 105/334/84 109/335/84 111/336/84
o cube
v 0.16412427893638987 -0.1650126265847085 -0.0625
v 0.16412427893638987 -0.1650126265847085 0.062499999999999965
v 0.07573593128807138 -0.07662427893639012 0.062499999999999965
v 0.07573593128807138 -0.07662427893639012 -0.0625
v 0.25251262658470824 -0.07662427893639001 -0.062499999999999965
v 0.16412427893638976 0.011764068711928366 -0.062499999999999965
v 0.25251262658470824 -0.07662427893639001 0.0625
v 0.16412427893638976 0.011764068711928366 0.0625
vt 0.65625 0.5625
vt 0.71875 0.5625
vt 0.71875 0.625
vt 0.65625 0.625
vt 0.4375 0.28125
vt 0.5 0.28125
vt 0.5 0.34375
vt 0.4375 0.34375
vt 0.65625 0.46875
vt 0.71875 0.46875
vt 0.71875 0.53125
vt 0.65625 0.53125
vt 0.53125 0.28125
vt 0.59375 0.28125
vt 0.59375 0.34375
vt 0.53125 0.34375
vt 0.625 0.28125
vt 0.6875 0.28125
vt 0.6875 0.34375
vt 0.625 0.34375
vt 0 0.25
vt 0.0625 0.25
vt 0.0625 0.3125
vt 0 0.3125
vn -0.7071067811865474 -0.7071067811865479 -2.355138688025663e-16
vn 2.3551386880256624e-16 2.355138688025664e-16 -1
vn 0.7071067811865474 0.7071067811865479 2.355138688025663e-16
vn -2.3551386880256624e-16 -2.355138688025664e-16 1
vn -0.707106781186548 0.7071067811865472 -7.850462293418891e-17
vn 0.707106781186548 -0.7071067811865472 7.850462293418891e-17
usemtl m_4a260480-63b4-389e-71a8-446162ddc410
f 113/337/85 114/338/85 115/339/85 116/340/85
f 117/341/86 113/342/86 116/343/86 118/344/86
f 119/345/87 117/346/87 118/347/87 120/348/87
f 114/349/88 119/350/88 120/351/88 115/352/88
f 120/353/89 118/354/89 116/355/89 115/356/89
f 114/357/90 113/358/90 117/359/90 119/360/90