# Made in Blockbench 5.0.7
mtllib materials.mtl

o cube
v -0.009365644107402784 0.06299085156049129 -0.06875000000000007
v -0.02812878423903519 -0.07952934726199394 -0.0687500000000001
v 0.07118925087921935 0.05238559844261209 -0.06875000000000005
v 0.05242611074758694 -0.09013460037987314 -0.06875000000000007
v -0.02812878423903522 -0.07952934726199395 0.06875000000000007
v -0.009365644107402812 0.06299085156049128 0.0687500000000001
v 0.052426110747586914 -0.09013460037987316 0.0687500000000001
v 0.07118925087921932 0.05238559844261208 0.06875000000000013
vt 0.65625 0.3125
vt 0.71875 0.3125
vt 0.71875 0.265625
vt 0.65625 0.265625
vt 0.6875 1
vt 0.765625 1
vt 0.765625 0.953125
vt 0.6875 0.953125
vt 0.71875 0.90625
vt 0.78125 0.90625
vt 0.78125 0.859375
vt 0.71875 0.859375
vt 0.1875 0.3125
vt 0.265625 0.3125
vt 0.265625 0.265625
vt 0.1875 0.265625
vt 0.0625 0.484375
vt 0 0.484375
vt 0 0.5625
vt 0.0625 0.5625
vt 0.15625 0.5625
vt 0.09375 0.5625
vt 0.09375 0.484375
vt 0.15625 0.484375
vn -0.13052619222005166 -0.9914448613738105 -1.3905512805822016e-16
vn 2.3551386880256634e-16 2.355138688025663e-16 -1
vn 0.13052619222005166 0.9914448613738105 1.3905512805822016e-16
vn -2.3551386880256634e-16 -2.355138688025663e-16 1
vn -0.9914448613738104 0.13052619222005152 -2.0565366415676514e-16
vn 0.9914448613738104 -0.13052619222005152 2.0565366415676514e-16
usemtl m_c1b1452f-dc94-d08d-d603-8b5fac3d041c
f 4/4/1 7/3/1 5/2/1 2/1/1
f 3/8/2 4/7/2 2/6/2 1/5/2
f 8/12/3 3/11/3 1/10/3 6/9/3
f 7/16/4 8/15/4 6/14/4 5/13/4
f 6/20/5 1/19/5 2/18/5 5/17/5
f 7/24/6 4/23/6 3/22/6 8/21/6
o cube
v -0.11253156646177095 -0.1221956159513794 -0.04375
v -0.11253156646177094 -0.2534456159513794 -0.043750000000000025
v -0.05003156646177097 -0.1221956159513794 -0.043749999999999976
v -0.050031566461770954 -0.2534456159513794 -0.043750000000000004
v -0.11253156646177097 -0.2534456159513794 0.043749999999999886
v -0.11253156646177098 -0.1221956159513794 0.043749999999999914
v -0.05003156646177097 -0.2534456159513794 0.04374999999999991
v -0.05003156646177098 -0.1221956159513794 0.043749999999999935
vt 0.46875 0.125
vt 0.515625 0.125
vt 0.515625 0.09375
vt 0.46875 0.09375
vt 0.375 0.1875
vt 0.4375 0.1875
vt 0.4375 0.15625
vt 0.375 0.15625
vt 0.875 0.53125
vt 0.921875 0.53125
vt 0.921875 0.5
vt 0.875 0.5
vt 0.8125 0.59375
vt 0.875 0.59375
vt 0.875 0.5625
vt 0.8125 0.5625
vt 0.765625 0.75
vt 0.71875 0.75
vt 0.71875 0.8125
vt 0.765625 0.8125
vt 0.765625 0.71875
vt 0.71875 0.71875
vt 0.71875 0.65625
vt 0.765625 0.65625
vn 2.614729197631575e-32 -1 -1.1102230246251565e-16
vn 2.3551386880256634e-16 2.355138688025663e-16 -1
vn -2.614729197631575e-32 1 1.1102230246251565e-16
vn -2.3551386880256634e-16 -2.355138688025663e-16 1
vn -1 -1.110223024625156e-16 -2.220446049250313e-16
vn 1 1.110223024625156e-16 2.220446049250313e-16
usemtl m_c1b1452f-dc94-d08d-d603-8b5fac3d041c
f 12/28/7 15/27/7 13/26/7 10/25/7
f 11/32/8 12/31/8 10/30/8 9/29/8
f 16/36/9 11/35/9 9/34/9 14/33/9
f 15/40/10 16/39/10 14/38/10 13/37/10
f 14/44/11 9/43/11 10/42/11 13/41/11
f 15/48/12 12/47/12 11/46/12 16/45/12
o cube
v -0.05931457505076204 -0.0473795987733973 -0.0625
v -0.1521223400814964 -0.14018736380413166 -0.06250000000000006
v -0.0018621490793551063 -0.10483202474480426 -0.0625
v -0.09466991411008946 -0.19763978977553862 -0.06250000000000006
v -0.15212234008149644 -0.1401873638041317 0.062499999999999944
v -0.05931457505076207 -0.04737959877339733 0.06249999999999999
v -0.09466991411008949 -0.19763978977553864 0.062499999999999944
v -0.001862149079355134 -0.10483202474480427 0.06249999999999999
vt 0.3125 0.28125
vt 0.375 0.28125
vt 0.375 0.234375
vt 0.3125 0.234375
vt 0.40625 0.28125
vt 0.46875 0.28125
vt 0.46875 0.234375
vt 0.40625 0.234375
vt 0 0.25
vt 0.0625 0.25
vt 0.0625 0.203125
vt 0 0.203125
vt 0.09375 0.25
vt 0.15625 0.25
vt 0.15625 0.203125
vt 0.09375 0.203125
vt 0.5625 0.40625
vt 0.5 0.40625
vt 0.5 0.46875
vt 0.5625 0.46875
vt 0.0625 0.4375
vt 0 0.4375
vt 0 0.375
vt 0.0625 0.375
vn -0.7071067811865476 -0.7071067811865475 -2.355138688025663e-16
vn 2.3551386880256634e-16 2.355138688025663e-16 -1
vn 0.7071067811865476 0.7071067811865475 2.355138688025663e-16
vn -2.3551386880256634e-16 -2.355138688025663e-16 1
vn -0.7071067811865476 0.7071067811865476 -7.850462293418876e-17
vn 0.7071067811865476 -0.7071067811865476 7.850462293418876e-17
usemtl m_c1b1452f-dc94-d08d-d603-8b5fac3d041c
f 20/52/13 23/51/13 21/50/13 18/49/13
f 19/56/14 20/55/14 18/54/14 17/53/14
f 24/60/15 19/59/15 17/58/15 22/57/15
f 23/64/16 24/63/16 22/62/16 21/61/16
f 22/68/17 17/67/17 18/66/17 21/65/17
f 23/72/18 20/71/18 19/70/18 24/69/18
o cube
v 0.03791260736238826 -0.012024259714069896 -0.06249999999999998
v -0.05047574028593016 -0.10041260736238833 -0.06250000000000003
v 0.1263009550107067 -0.10041260736238836 -0.06249999999999998
v 0.03791260736238826 -0.1888009550107068 -0.06250000000000003
v -0.050475740285930215 -0.10041260736238836 0.06249999999999998
v 0.03791260736238823 -0.012024259714069924 0.06250000000000003
v 0.03791260736238823 -0.1888009550107068 0.06249999999999998
v 0.12630095501070665 -0.10041260736238836 0.06250000000000003
vt 0.59375 1
vt 0.65625 1
vt 0.65625 0.9375
vt 0.59375 0.9375
vt 0.28125 0.40625
vt 0.34375 0.40625
vt 0.34375 0.34375
vt 0.28125 0.34375
vt 0.59375 0.59375
vt 0.65625 0.59375
vt 0.65625 0.53125
vt 0.59375 0.53125
vt 0.59375 0.5
vt 0.65625 0.5
vt 0.65625 0.4375
vt 0.59375 0.4375
vt 0.65625 0.34375
vt 0.59375 0.34375
vt 0.59375 0.40625
vt 0.65625 0.40625
vt 0.6875 0.90625
vt 0.625 0.90625
vt 0.625 0.84375
vt 0.6875 0.84375
vn -0.7071067811865476 -0.7071067811865475 -2.355138688025663e-16
vn 2.3551386880256634e-16 2.355138688025663e-16 -1
vn 0.7071067811865476 0.7071067811865475 2.355138688025663e-16
vn -2.3551386880256634e-16 -2.355138688025663e-16 1
vn -0.7071067811865476 0.7071067811865476 -7.850462293418876e-17
vn 0.7071067811865476 -0.7071067811865476 7.850462293418876e-17
usemtl m_c1b1452f-dc94-d08d-d603-8b5fac3d041c
f 28/76/19 31/75/19 29/74/19 26/73/19
f 27/80/20 28/79/20 26/78/20 25/77/20
f 32/84/21 27/83/21 25/82/21 30/81/21
f 31/88/22 32/87/22 30/86/22 29/85/22
f 30/92/23 25/91/23 26/90/23 29/89/23
f 31/96/24 28/95/24 27/94/24 32/93/24
o cube
v 0.07326794642171552 -0.07477998654437601 -0.043125000000000066
v 0.012279986544375787 -0.13576794642171575 -0.043125000000000094
v 0.3729044449495151 -0.37441648507217556 -0.043125000000000066
v 0.31191648507217534 -0.4354044449495153 -0.043125000000000094
v 0.012279986544375787 -0.13576794642171575 0.043125000000000066
v 0.07326794642171552 -0.07477998654437601 0.043125000000000094
v 0.31191648507217534 -0.4354044449495153 0.043125000000000066
v 0.3729044449495151 -0.37441648507217556 0.043125000000000094
vt 0.3125 1
vt 0.359375 1
vt 0.359375 0.78125
vt 0.3125 0.78125
vt 0.3125 0.75
vt 0.359375 0.75
vt 0.359375 0.53125
vt 0.3125 0.53125
vt 0.40625 1
vt 0.453125 1
vt 0.453125 0.78125
vt 0.40625 0.78125
vt 0.40625 0.75
vt 0.453125 0.75
vt 0.453125 0.53125
vt 0.40625 0.53125
vt 0.859375 0.765625
vt 0.8125 0.765625
vt 0.8125 0.8125
vt 0.859375 0.8125
vt 0.328125 0.1875
vt 0.28125 0.1875
vt 0.28125 0.140625
vt 0.328125 0.140625
vn -0.7071067811865476 -0.7071067811865475 -2.355138688025663e-16
vn 2.3551386880256634e-16 2.355138688025663e-16 -1
vn 0.7071067811865476 0.7071067811865475 2.355138688025663e-16
vn -2.3551386880256634e-16 -2.355138688025663e-16 1
vn -0.7071067811865476 0.7071067811865476 -7.850462293418876e-17
vn 0.7071067811865476 -0.7071067811865476 7.850462293418876e-17
usemtl m_c1b1452f-dc94-d08d-d603-8b5fac3d041c
f 36/100/25 39/99/25 37/98/25 34/97/25
f 35/104/26 36/103/26 34/102/26 33/101/26
f 40/108/27 35/107/27 33/106/27 38/105/27
f 39/112/28 40/111/28 38/110/28 37/109/28
f 38/116/29 33/115/29 34/114/29 37/113/29
f 39/120/30 36/119/30 35/118/30 40/117/30
o cube
v 0.010886689566930625 -0.035116475077170965 -0.06881250000000004
v -0.13175743986322633 -0.05389593098283087 -0.06881250000000007
v 0.02150825845883733 -0.11579530067146487 -0.06881250000000007
v -0.12113587097131961 -0.13457475657712478 -0.0688125000000001
v -0.13175743986322636 -0.05389593098283088 0.06881250000000004
v 0.01088668956693059 -0.03511647507717098 0.06881250000000007
v -0.12113587097131964 -0.1345747565771248 0.06881250000000001
v 0.021508258458837304 -0.1157953006714649 0.06881250000000004
vt 0.75 0.34375
vt 0.8125 0.34375
vt 0.8125 0.296875
vt 0.75 0.296875
vt 0.6875 0.625
vt 0.765625 0.625
vt 0.765625 0.578125
vt 0.6875 0.578125
vt 0.75 0.25
vt 0.8125 0.25
vt 0.8125 0.203125
vt 0.75 0.203125
vt 0.6875 0.53125
vt 0.765625 0.53125
vt 0.765625 0.484375
vt 0.6875 0.484375
vt 0.25 0.484375
vt 0.1875 0.484375
vt 0.1875 0.5625
vt 0.25 0.5625
vt 0.5625 1
vt 0.5 1
vt 0.5 0.921875
vt 0.5625 0.921875
vn -0.9914448613738105 -0.13052619222005152 -2.346363009406352e-16
vn 2.355138688025664e-16 2.3551386880256624e-16 -1
vn 0.9914448613738105 0.13052619222005152 2.346363009406352e-16
vn -2.355138688025664e-16 -2.3551386880256624e-16 1
vn -0.1305261922200515 0.9914448613738105 8.108985449048006e-17
vn 0.1305261922200515 -0.9914448613738105 -8.108985449048006e-17
usemtl m_c1b1452f-dc94-d08d-d603-8b5fac3d041c
f 44/124/31 47/123/31 45/122/31 42/121/31
f 43/128/32 44/127/32 42/126/32 41/125/32
f 48/132/33 43/131/33 41/130/33 46/129/33
f 47/136/34 48/135/34 46/134/34 45/133/34
f 46/140/35 41/139/35 42/138/35 45/137/35
f 47/144/36 44/143/36 43/142/36 48/141/36
o cube
v 0.36053007627875056 -0.334553340282784 -0.06256249999999994
v 0.27205334028278383 -0.4230300762787507 -0.0625625
v 0.39155438630331024 -0.3655776503073437 -0.06256249999999994
v 0.30307765030734346 -0.4540543863033104 -0.0625625
v 0.2720533402827838 -0.4230300762787507 0.06256249999999994
v 0.3605300762787505 -0.334553340282784 0.0625625
v 0.30307765030734346 -0.4540543863033104 0.06256249999999994
v 0.3915543863033102 -0.3655776503073437 0.0625625
vt 0.875 0.46875
vt 0.9375 0.46875
vt 0.9375 0.453125
vt 0.875 0.453125
vt 0.5625 0.125
vt 0.625 0.125
vt 0.625 0.109375
vt 0.5625 0.109375
vt 0.875 0.40625
vt 0.9375 0.40625
vt 0.9375 0.390625
vt 0.875 0.390625
vt 0.65625 0.125
vt 0.71875 0.125
vt 0.71875 0.109375
vt 0.65625 0.109375
vt 0.6875 0.75
vt 0.625 0.75
vt 0.625 0.8125
vt 0.6875 0.8125
vt 0.6875 0.71875
vt 0.625 0.71875
vt 0.625 0.65625
vt 0.6875 0.65625
vn -0.7071067811865476 -0.7071067811865475 -2.355138688025663e-16
vn 2.3551386880256634e-16 2.355138688025663e-16 -1
vn 0.7071067811865476 0.7071067811865475 2.355138688025663e-16
vn -2.3551386880256634e-16 -2.355138688025663e-16 1
vn -0.7071067811865476 0.7071067811865476 -7.850462293418876e-17
vn 0.7071067811865476 -0.7071067811865476 7.850462293418876e-17
usemtl m_c1b1452f-dc94-d08d-d603-8b5fac3d041c
f 52/148/37 55/147/37 53/146/37 50/145/37
f 51/152/38 52/151/38 50/150/38 49/149/38
f 56/156/39 51/155/39 49/154/39 54/153/39
f 55/160/40 56/159/40 54/158/40 53/157/40
f 54/164/41 49/163/41 50/162/41 53/161/41
f 55/168/42 52/167/42 51/166/42 56/165/42
o cube
v -0.06253156646177102 0.000031566461770923815 -0.08125000000000004
v -0.06253156646177102 -0.11246843353822908 -0.08125000000000007
v 0.049968433538229 0.000031566461770923815 -0.08125000000000002
v 0.049968433538229017 -0.11246843353822908 -0.08125000000000004
v -0.06253156646177105 -0.11246843353822909 0.08125000000000002
v -0.06253156646177108 0.00003156646177090994 0.08125000000000004
v 0.049968433538228975 -0.11246843353822909 0.08125000000000004
v 0.04996843353822896 0.00003156646177090994 0.08125000000000007
vt 0.5 0.875
vt 0.578125 0.875
vt 0.578125 0.8125
vt 0.5 0.8125
vt 0.453125 0.390625
vt 0.546875 0.390625
vt 0.546875 0.296875
vt 0.453125 0.296875
vt 0.5 0.78125
vt 0.578125 0.78125
vt 0.578125 0.71875
vt 0.5 0.71875
vt 0.453125 0.390625
vt 0.546875 0.390625
vt 0.546875 0.296875
vt 0.453125 0.296875
vt 0.359375 0.4375
vt 0.28125 0.4375
vt 0.28125 0.5
vt 0.359375 0.5
vt 0.578125 0.6875
vt 0.5 0.6875
vt 0.5 0.625
vt 0.578125 0.625
vn 2.614729197631575e-32 -1 -1.1102230246251565e-16
vn 2.3551386880256634e-16 2.355138688025663e-16 -1
vn -2.614729197631575e-32 1 1.1102230246251565e-16
vn -2.3551386880256634e-16 -2.355138688025663e-16 1
vn -1 -1.110223024625156e-16 -2.220446049250313e-16
vn 1 1.110223024625156e-16 2.220446049250313e-16
usemtl m_c1b1452f-dc94-d08d-d603-8b5fac3d041c
f 60/172/43 63/171/43 61/170/43 58/169/43
f 59/176/44 60/175/44 58/174/44 57/173/44
f 64/180/45 59/179/45 57/178/45 62/177/45
f 63/184/46 64/183/46 62/182/46 61/181/46
f 62/188/47 57/187/47 58/186/47 61/185/47
f 63/192/48 60/191/48 59/190/48 64/189/48
o cube
v 0.07326794642171558 0.08520292269908043 -0.062499999999999944
v -0.019539818609018766 -0.007604842331653913 -0.062499999999999986
v 0.1307203723931225 0.027750496727673477 -0.062499999999999944
v 0.03791260736238816 -0.06505726830306087 -0.062499999999999986
v -0.019539818609018794 -0.007604842331653941 0.0625
v 0.07326794642171555 0.0852029226990804 0.06250000000000006
v 0.037912607362388134 -0.06505726830306088 0.0625
v 0.13072037239312248 0.027750496727673463 0.06250000000000006
vt 0.1875 0.21875
vt 0.25 0.21875
vt 0.25 0.171875
vt 0.1875 0.171875
vt 0.5 0.21875
vt 0.5625 0.21875
vt 0.5625 0.171875
vt 0.5 0.171875
vt 0.78125 0.4375
vt 0.84375 0.4375
vt 0.84375 0.390625
vt 0.78125 0.390625
vt 0.59375 0.21875
vt 0.65625 0.21875
vt 0.65625 0.171875
vt 0.59375 0.171875
vt 0.0625 0.28125
vt 0 0.28125
vt 0 0.34375
vt 0.0625 0.34375
vt 0.15625 0.34375
vt 0.09375 0.34375
vt 0.09375 0.28125
vt 0.15625 0.28125
vn -0.7071067811865476 -0.7071067811865475 -2.355138688025663e-16
vn 2.3551386880256634e-16 2.355138688025663e-16 -1
vn 0.7071067811865476 0.7071067811865475 2.355138688025663e-16
vn -2.3551386880256634e-16 -2.355138688025663e-16 1
vn -0.7071067811865476 0.7071067811865476 -7.850462293418876e-17
vn 0.7071067811865476 -0.7071067811865476 7.850462293418876e-17
usemtl m_c1b1452f-dc94-d08d-d603-8b5fac3d041c
f 68/196/49 71/195/49 69/194/49 66/193/49
f 67/200/50 68/199/50 66/198/50 65/197/50
f 72/204/51 67/203/51 65/202/51 70/201/51
f 71/208/52 72/207/52 70/206/52 69/205/52
f 70/212/53 65/211/53 66/210/53 69/209/53
f 71/216/54 68/215/54 67/214/54 72/213/54
o cube
v 0.1884868766876181 0.04561214907935496 -0.043749999999999886
v 0.057236876687618135 0.045612149079354986 -0.043749999999999914
v 0.1884868766876181 -0.016887850920645042 -0.04374999999999991
v 0.05723687668761812 -0.016887850920645014 -0.043749999999999935
v 0.05723687668761811 0.045612149079354986 0.04375
v 0.1884868766876181 0.04561214907935496 0.043750000000000025
v 0.05723687668761811 -0.01688785092064503 0.043749999999999976
v 0.18848687668761807 -0.016887850920645056 0.043750000000000004
vt 0.1875 0.125
vt 0.234375 0.125
vt 0.234375 0.09375
vt 0.1875 0.09375
vt 0.8125 0.71875
vt 0.875 0.71875
vt 0.875 0.6875
vt 0.8125 0.6875
vt 0.375 0.125
vt 0.421875 0.125
vt 0.421875 0.09375
vt 0.375 0.09375
vt 0.8125 0.65625
vt 0.875 0.65625
vt 0.875 0.625
vt 0.8125 0.625
vt 0.609375 0.25
vt 0.5625 0.25
vt 0.5625 0.3125
vt 0.609375 0.3125
vt 0.734375 0.4375
vt 0.6875 0.4375
vt 0.6875 0.375
vt 0.734375 0.375
vn -1 1.110223024625157e-16 -2.220446049250313e-16
vn 2.3551386880256634e-16 2.3551386880256624e-16 -1
vn 1 -1.110223024625157e-16 2.220446049250313e-16
vn -2.3551386880256634e-16 -2.3551386880256624e-16 1
vn 2.220446049250313e-16 1 1.1102230246251573e-16
vn -2.220446049250313e-16 -1 -1.1102230246251573e-16
usemtl m_c1b1452f-dc94-d08d-d603-8b5fac3d041c
f 76/220/55 79/219/55 77/218/55 74/217/55
f 75/224/56 76/223/56 74/222/56 73/221/56
f 80/228/57 75/227/57 73/226/57 78/225/57
f 79/232/58 80/231/58 78/230/58 77/229/58
f 78/236/59 73/235/59 74/234/59 77/233/59
f 79/240/60 76/239/60 75/238/60 80/237/60
o cube
v -0.02700724583873762 -0.08431543704973085 -0.06875000000000012
v -0.02700724583873762 -0.08431543704973085 -0.06875000000000012
v 0.05393357338121663 -0.09139684114797808 -0.06875000000000009
v 0.05393357338121663 -0.09139684114797808 -0.06875000000000009
v -0.027007245838737648 -0.08431543704973085 0.06875000000000006
v -0.027007245838737648 -0.08431543704973085 0.06875000000000006
v 0.053933573381216605 -0.0913968411479781 0.06875000000000009
v 0.053933573381216605 -0.0913968411479781 0.06875000000000009
vt 0.8125 1
vt 0.875 1
vt 0.875 0.953125
vt 0.8125 0.953125
vt 0.875 0.15625
vt 0.875 0.15625
vt 0.875 0.109375
vt 0.875 0.109375
vt 0.8125 0.90625
vt 0.875 0.90625
vt 0.875 0.859375
vt 0.8125 0.859375
vt 0.90625 1
vt 0.90625 1
vt 0.90625 0.953125
vt 0.90625 0.953125
vt 0.25 0.34375
vt 0.1875 0.34375
vt 0.1875 0.34375
vt 0.25 0.34375
vt 0.96875 0.90625
vt 0.90625 0.90625
vt 0.90625 0.90625
vt 0.96875 0.90625
vn -0.0871557427476583 -0.9961946980917455 -1.2995229154844768e-16
vn 2.3551386880256634e-16 2.355138688025663e-16 -1
vn 0.0871557427476583 0.9961946980917455 1.2995229154844768e-16
vn -2.3551386880256634e-16 -2.355138688025663e-16 1
vn -0.9961946980917455 0.0871557427476582 -2.1152342693351677e-16
vn 0.9961946980917455 -0.0871557427476582 2.1152342693351677e-16
usemtl m_c1b1452f-dc94-d08d-d603-8b5fac3d041c
f 84/244/61 87/243/61 85/242/61 82/241/61
f 83/248/62 84/247/62 82/246/62 81/245/62
f 88/252/63 83/251/63 81/250/63 86/249/63
f 87/256/64 88/255/64 86/254/64 85/253/64
f 86/260/65 81/259/65 82/258/65 85/257/65
f 87/264/66 84/263/66 83/262/66 88/261/66
o cube
v -0.5366116523516816 0.5625 -0.03749999999999996
v -0.6250000000000001 0.47411165235168157 -0.0375
v 0.0379126073623882 -0.012024259714069917 -0.03749999999999996
v -0.050475740285930236 -0.10041260736238836 -0.0375
v -0.6250000000000001 0.47411165235168157 0.03749999999999996
v -0.5366116523516816 0.5625 0.0375
v -0.05047574028593025 -0.10041260736238836 0.03749999999999996
v 0.03791260736238818 -0.01202425971406993 0.0375
vt 0.1875 1
vt 0.234375 1
vt 0.234375 0.59375
vt 0.1875 0.59375
vt 0 1
vt 0.0625 1
vt 0.0625 0.59375
vt 0 0.59375
vt 0.25 1
vt 0.296875 1
vt 0.296875 0.59375
vt 0.25 0.59375
vt 0.09375 1
vt 0.15625 1
vt 0.15625 0.59375
vt 0.09375 0.59375
vt 0.71875 0.15625
vt 0.6875 0.15625
vt 0.6875 0.21875
vt 0.71875 0.21875
vt 0.84375 0.53125
vt 0.8125 0.53125
vt 0.8125 0.46875
vt 0.84375 0.46875
vn -0.7071067811865476 -0.7071067811865475 -2.355138688025663e-16
vn 2.3551386880256634e-16 2.355138688025663e-16 -1
vn 0.7071067811865476 0.7071067811865475 2.355138688025663e-16
vn -2.3551386880256634e-16 -2.355138688025663e-16 1
vn -0.7071067811865476 0.7071067811865476 -7.850462293418876e-17
vn 0.7071067811865476 -0.7071067811865476 7.850462293418876e-17
usemtl m_c1b1452f-dc94-d08d-d603-8b5fac3d041c
f 92/268/67 95/267/67 93/266/67 90/265/67
f 91/272/68 92/271/68 90/270/68 89/269/68
f 96/276/69 91/275/69 89/274/69 94/273/69
f 95/280/70 96/279/70 94/278/70 93/277/70
f 94/284/71 89/283/71 90/282/71 93/281/71
f 95/288/72 92/287/72 91/286/72 96/285/72
o cube
v -0.625 0.6508883476483185 -0.03749999999999996
v -0.7133883476483185 0.5625 -0.0375
v -0.5366116523516815 0.5625 -0.03749999999999996
v -0.625 0.47411165235168157 -0.0375
v -0.7133883476483185 0.5625 0.03749999999999996
v -0.625 0.6508883476483185 0.0375
v -0.625 0.47411165235168157 0.03749999999999996
v -0.5366116523516815 0.5625 0.0375
vt 0 0.15625
vt 0.046875 0.15625
vt 0.046875 0.09375
vt 0 0.09375
vt 0.09375 0.4375
vt 0.15625 0.4375
vt 0.15625 0.375
vt 0.09375 0.375
vt 0.0625 0.15625
vt 0.109375 0.15625
vt 0.109375 0.09375
vt 0.0625 0.09375
vt 0.1875 0.4375
vt 0.25 0.4375
vt 0.25 0.375
vt 0.1875 0.375
vt 0.15625 0.09375
vt 0.125 0.09375
vt 0.125 0.15625
vt 0.15625 0.15625
vt 0.875 0.34375
vt 0.84375 0.34375
vt 0.84375 0.28125
vt 0.875 0.28125
vn -0.7071067811865476 -0.7071067811865475 -2.355138688025663e-16
vn 2.3551386880256634e-16 2.355138688025663e-16 -1
vn 0.7071067811865476 0.7071067811865475 2.355138688025663e-16
vn -2.3551386880256634e-16 -2.355138688025663e-16 1
vn -0.7071067811865476 0.7071067811865476 -7.850462293418876e-17
vn 0.7071067811865476 -0.7071067811865476 7.850462293418876e-17
usemtl m_c1b1452f-dc94-d08d-d603-8b5fac3d041c
f 100/292/73 103/291/73 101/290/73 98/289/73
f 99/296/74 100/295/74 98/294/74 97/293/74
f 104/300/75 99/299/75 97/298/75 102/297/75
f 103/304/76 104/303/76 102/302/76 101/301/76
f 102/308/77 97/307/77 98/306/77 101/305/77
f 103/312/78 100/311/78 99/310/78 104/309/78
o cube
v -0.7133883476483185 0.5625 -0.03750000000000002
v -0.7133883476483185 0.5625 0.03749999999999998
v -0.7575825214724778 0.6950825214724776 0.0375
v -0.7575825214724778 0.6950825214724776 -0.0375
v -0.625 0.6508883476483185 -0.03749999999999998
v -0.7575825214724778 0.6950825214724776 -0.0375
v -0.625 0.6508883476483185 0.03750000000000002
v -0.7575825214724778 0.6950825214724776 0.0375
vt 0.84375 0.1875
vt 0.890625 0.1875
vt 0.890625 0.25
vt 0.84375 0.25
vt 0.40625 0.45807374999999995
vt 0.46875 0.41449781249999995
vt 0.46875 0.5
vt 0.4621515625 0.5
vt 0.8125 0.09375
vt 0.859375 0.09375
vt 0.859375 0.15625
vt 0.8125 0.15625
vt 0.5 0.5518237500000001
vt 0.5625 0.5082478125000001
vt 0.5625 0.59375
vt 0.5559015625 0.59375
vt 0 1
vt 0.03125 1
vt 0.03125 1
vt 0 1
vt 0.75 0.09375
vt 0.78125 0.09375
vt 0.78125 0.15625
vt 0.75 0.15625
vn -0.9486832980505138 -0.3162277660168379 -2.4575834280036907e-16
vn 2.3551386880256634e-16 2.355138688025663e-16 -1
vn 0.31622776601683805 0.9486832980505138 1.755416734288351e-16
vn -2.3551386880256634e-16 -2.355138688025663e-16 1
vn 0 0 0
vn 0.7071067811865476 -0.7071067811865476 7.850462293418876e-17
usemtl m_c1b1452f-dc94-d08d-d603-8b5fac3d041c
f 105/313/79 106/314/79 107/315/79 108/316/79
f 109/317/80 105/318/80 108/319/80 110/320/80
f 111/321/81 109/322/81 110/323/81 112/324/81
f 106/325/82 111/326/82 112/327/82 107/328/82
f 112/329/83 110/330/83 108/331/83 107/332/83
f 106/333/84 105/334/84 109/335/84 111/336/84
o cube
v -0.691313357823151 0.5845749898251675 -0.037531250000000016
v -0.691313357823151 0.5845749898251675 0.03753124999999999
v -0.7575825214724778 0.6950825214724776 0.03753125
v -0.7575825214724778 0.6950825214724776 -0.03753125
v -0.6470749898251675 0.628813357823151 -0.03753124999999999
v -0.7575825214724778 0.6950825214724776 -0.03753125
v -0.6470749898251675 0.628813357823151 0.037531250000000016
v -0.7575825214724778 0.6950825214724776 0.03753125
vt 0.84375 0.1875
vt 0.890625 0.1875
vt 0.890625 0.25
vt 0.84375 0.25
vt 0.921875 0.08307374999999995
vt 0.984375 0.03949781249999995
vt 0.984375 0.125
vt 0.9777765625 0.125
vt 0.8125 0.09375
vt 0.859375 0.09375
vt 0.859375 0.15625
vt 0.8125 0.15625
vt 0.9375 0.23932374999999995
vt 1 0.19574781249999995
vt 1 0.28125
vt 0.9934015625 0.28125
vt 0 1
vt 0.03125 1
vt 0.03125 1
vt 0 1
vt 0.75 0.09375
vt 0.78125 0.09375
vt 0.78125 0.15625
vt 0.75 0.15625
vn -0.8576139526793356 -0.5142939900190616 -2.4752665421542785e-16
vn 2.3551386880256634e-16 2.355138688025663e-16 -1
vn 0.5142939900190617 0.8576139526793354 2.0941048147953932e-16
vn -2.3551386880256634e-16 -2.355138688025663e-16 1
vn 0 0 0
vn 0.7071067811865476 -0.7071067811865476 7.850462293418876e-17
usemtl m_c1b1452f-dc94-d08d-d603-8b5fac3d041c
f 113/337/85 114/338/85 115/339/85 116/340/85
f 117/341/86 113/342/86 116/343/86 118/344/86
f 119/345/87 117/346/87 118/347/87 120/348/87
f 114/349/88 119/350/88 120/351/88 115/352/88
f 120/353/89 118/354/89 116/355/89 115/356/89
f 114/357/90 113/358/90 117/359/90 119/360/90