# Made in Blockbench 5.1.1
mtllib materials.mtl

o cube
v 0.4914752435582569 -0.7152487764846026 0.14461169646149216
v 0.5887024259714062 -0.6180364022422632 0.14630854476571645
v 0.5539752435582576 -0.7761966680643999 0.05514603538431019
v 0.6512024259714069 -0.6789842938220605 0.056842883688534504
v 0.5262024259714055 -0.5540033319275128 0.05902443449319228
v 0.4289752435582563 -0.6512157061698522 0.057327586188967966
v 0.5887024259714063 -0.61495122350731 -0.030441226583989678
v 0.491475243558257 -0.7121635977496494 -0.03213807488821399
vt 0.40625 0.21875
vt 0.4375 0.21875
vt 0.4375 0.1875
vt 0.40625 0.1875
vt 0.78125 0.5625
vt 0.8125 0.5625
vt 0.8125 0.53125
vt 0.78125 0.53125
vt 0.78125 0.515625
vt 0.8125 0.515625
vt 0.8125 0.484375
vt 0.78125 0.484375
vt 0.796875 0.46875
vt 0.828125 0.46875
vt 0.828125 0.4375
vt 0.796875 0.4375
vt 0.828125 0.390625
vt 0.796875 0.390625
vt 0.796875 0.421875
vt 0.828125 0.421875
vt 0.65625 0.203125
vt 0.625 0.203125
vt 0.625 0.171875
vt 0.65625 0.171875
vn 0.7071067811865401 0.7069990853988319 0.012340714939812841
vn 0.5000000000000048 -0.5122645625180032 0.6982728821801933
vn -0.7071067811865401 -0.7069990853988319 -0.012340714939812841
vn -0.5000000000000048 0.5122645625180032 -0.6982728821801933
vn -0.5000000000000058 0.4875831326383782 0.7157252886174554
vn 0.5000000000000058 -0.4875831326383782 -0.7157252886174554
usemtl m_26dbff90-d32a-46e5-cc56-f30475327ee9
f 4/4/1 7/3/1 5/2/1 2/1/1
f 3/8/2 4/7/2 2/6/2 1/5/2
f 8/12/3 3/11/3 1/10/3 6/9/3
f 7/16/4 8/15/4 6/14/4 5/13/4
f 6/20/5 1/19/5 2/18/5 5/17/5
f 7/24/6 4/23/6 3/22/6 8/21/6
o cube
v -0.6263232758698947 0.42062311735729746 0.13185092941437676
v -0.5423543456039931 0.5045792587484088 0.13331638931347956
v -0.3169640591007769 0.11131101749531494 0.1264518666282091
v -0.23299512883487522 0.19526715888642626 0.12791732652731191
v -0.542354345603993 0.5065426544726008 0.02083352360838546
v -0.6263232758698947 0.4225865130814895 0.01936806370928265
v -0.23299512883487516 0.19723055461061834 0.015434460822217791
v -0.31696405910077685 0.11327441321950701 0.013969000923114983
vt 0.046875 0.265625
vt 0.078125 0.265625
vt 0.078125 0.15625
vt 0.046875 0.15625
vt 0.09375 0.265625
vt 0.125 0.265625
vt 0.125 0.15625
vt 0.09375 0.15625
vt 0.140625 0.265625
vt 0.171875 0.265625
vt 0.171875 0.15625
vt 0.140625 0.15625
vt 0.1875 0.265625
vt 0.21875 0.265625
vt 0.21875 0.15625
vt 0.1875 0.15625
vt 0.828125 0.25
vt 0.796875 0.25
vt 0.796875 0.28125
vt 0.828125 0.28125
vt 0.765625 0.203125
vt 0.734375 0.203125
vt 0.734375 0.171875
vt 0.765625 0.171875
vn 0.7071067811865401 0.706999085398832 0.01234071493981293
vn -7.580741590018646e-16 -0.017452406437263084 0.9998476951563916
vn -0.7071067811865401 -0.706999085398832 -0.01234071493981293
vn 7.580741590018646e-16 0.017452406437263084 -0.9998476951563916
vn -0.7071067811865548 0.7069990853988172 0.012340714939811731
vn 0.7071067811865548 -0.7069990853988172 -0.012340714939811731
usemtl m_26dbff90-d32a-46e5-cc56-f30475327ee9
f 12/28/7 15/27/7 13/26/7 10/25/7
f 11/32/8 12/31/8 10/30/8 9/29/8
f 16/36/9 11/35/9 9/34/9 14/33/9
f 15/40/10 16/39/10 14/38/10 13/37/10
f 14/44/11 9/43/11 10/42/11 13/41/11
f 15/48/12 12/47/12 11/46/12 16/45/12
o cube
v -1.5455620914124109 0.8177647151929619 0.17003782204165768
v -1.2627193789377946 1.1005643493524948 0.17497410801758292
v -1.1610727791422217 0.4333339625073553 0.163327558293135
v -0.8782300666676056 0.7161335966668881 0.16826384426906027
v -1.2627193789377946 1.1036185204790157 7.613652143190208e-7
v -1.5455620914124109 0.8208188863194829 -0.004935524610710937
v -0.8782300666676055 0.7191877677934091 -0.0067095023833083495
v -1.1610727791422217 0.4363881336338763 -0.011645788359233605
vt 0.625 0.640625
vt 0.671875 0.640625
vt 0.671875 0.5078125
vt 0.625 0.5078125
vt 0.328125 1
vt 0.4296875 1
vt 0.4296875 0.8671875
vt 0.328125 0.8671875
vt 0.625 0.484375
vt 0.671875 0.484375
vt 0.671875 0.3515625
vt 0.625 0.3515625
vt 0.34375 0.84375
vt 0.4453125 0.84375
vt 0.4453125 0.7109375
vt 0.34375 0.7109375
vt 0.453125 0.2421875
vt 0.40625 0.2421875
vt 0.40625 0.34375
vt 0.453125 0.34375
vt 0.671875 0.328125
vt 0.625 0.328125
vt 0.625 0.2265625
vt 0.671875 0.2265625
vn 0.7071067811865401 0.706999085398832 0.01234071493981293
vn -7.580741590018646e-16 -0.017452406437263084 0.9998476951563916
vn -0.7071067811865401 -0.706999085398832 -0.01234071493981293
vn 7.580741590018646e-16 0.017452406437263084 -0.9998476951563916
vn -0.7071067811865548 0.7069990853988172 0.012340714939811731
vn 0.7071067811865548 -0.7069990853988172 -0.012340714939811731
usemtl m_26dbff90-d32a-46e5-cc56-f30475327ee9
f 20/52/13 23/51/13 21/50/13 18/49/13
f 19/56/14 20/55/14 18/54/14 17/53/14
f 24/60/15 19/59/15 17/58/15 22/57/15
f 23/64/16 24/63/16 22/62/16 21/61/16
f 22/68/17 17/67/17 18/66/17 21/65/17
f 23/72/18 20/71/18 19/70/18 24/69/18
o cube
v -1.3791492027799384 0.7790082958785722 0.15060847007531736
v -1.3127728396274034 0.9064966830912973 0.15283378815170667
v -0.5642079997974424 0.35484136998700444 0.1432046088434869
v -0.4978316366449076 0.48232975719972954 0.1454299269198762
v -1.3127728396274034 0.908896388976421 0.015354730067702854
v -1.3791492027799384 0.7814080017636958 0.013129411991313553
v -0.4978316366449075 0.4847294630848532 0.007950868835872371
v -0.5642079997974423 0.3572410758721281 0.00572555075948307
vt 0.390625 0.59375
vt 0.421875 0.59375
vt 0.421875 0.3671875
vt 0.390625 0.3671875
vt 0.265625 0.59375
vt 0.3046875 0.59375
vt 0.3046875 0.3671875
vt 0.265625 0.3671875
vt 0.4375 0.59375
vt 0.46875 0.59375
vt 0.46875 0.3671875
vt 0.4375 0.3671875
vt 0.328125 0.59375
vt 0.3671875 0.59375
vt 0.3671875 0.3671875
vt 0.328125 0.3671875
vt 0.8125 0.7421875
vt 0.78125 0.7421875
vt 0.78125 0.78125
vt 0.8125 0.78125
vt 0.8125 0.71875
vt 0.78125 0.71875
vt 0.78125 0.6796875
vt 0.8125 0.6796875
vn 0.4617486132350246 0.8868757371320004 0.015480473574881888
vn -7.598088824778414e-16 -0.017452406437263084 0.9998476951563917
vn -0.4617486132350246 -0.8868757371320004 -0.015480473574881888
vn 7.598088824778414e-16 0.017452406437263084 -0.9998476951563917
vn -0.8870108331782265 0.4616782866846997 0.008058624470019558
vn 0.8870108331782265 -0.4616782866846997 -0.008058624470019558
usemtl m_26dbff90-d32a-46e5-cc56-f30475327ee9
f 28/76/19 31/75/19 29/74/19 26/73/19
f 27/80/20 28/79/20 26/78/20 25/77/20
f 32/84/21 27/83/21 25/82/21 30/81/21
f 31/88/22 32/87/22 30/86/22 29/85/22
f 30/92/23 25/91/23 26/90/23 29/89/23
f 31/96/24 28/95/24 27/94/24 32/93/24
o cube
v -0.09599318997997852 -0.10962619669181539 0.1225953932095179
v -0.016443677096492748 -0.03008879958444688 0.12398372364024687
v 0.5227252435582571 -0.7282503964157805 0.11179726763718256
v 0.6022747564417429 -0.6487129993084119 0.11318559806791154
v -0.016443677096492748 -0.02812540386025486 0.011500857935152764
v -0.09599318997997852 -0.10766280096762337 0.01011252750442379
v 0.6022747564417429 -0.6467496035842197 0.0007027323628174265
v 0.5227252435582571 -0.7262870006915884 -0.000685598067911547
vt 0.09375 0.5
vt 0.125 0.5
vt 0.125 0.28125
vt 0.09375 0.28125
vt 0.515625 1
vt 0.546875 1
vt 0.546875 0.78125
vt 0.515625 0.78125
vt 0.53125 0.765625
vt 0.5625 0.765625
vt 0.5625 0.546875
vt 0.53125 0.546875
vt 0.53125 0.53125
vt 0.5625 0.53125
vt 0.5625 0.3125
vt 0.53125 0.3125
vt 0.828125 0.203125
vt 0.796875 0.203125
vt 0.796875 0.234375
vt 0.828125 0.234375
vt 0.84375 0.90625
vt 0.8125 0.90625
vt 0.8125 0.875
vt 0.84375 0.875
vn 0.7071067811865401 0.706999085398832 0.01234071493981293
vn -7.580741590018646e-16 -0.017452406437263084 0.9998476951563916
vn -0.7071067811865401 -0.706999085398832 -0.01234071493981293
vn 7.580741590018646e-16 0.017452406437263084 -0.9998476951563916
vn -0.7071067811865548 0.7069990853988172 0.012340714939811731
vn 0.7071067811865548 -0.7069990853988172 -0.012340714939811731
usemtl m_26dbff90-d32a-46e5-cc56-f30475327ee9
f 36/100/25 39/99/25 37/98/25 34/97/25
f 35/104/26 36/103/26 34/102/26 33/101/26
f 40/108/27 35/107/27 33/106/27 38/105/27
f 39/112/28 40/111/28 38/110/28 37/109/28
f 38/116/29 33/115/29 34/114/29 37/113/29
f 39/120/30 36/119/30 35/118/30 40/117/30
o cube
v -0.5246766760743277 0.31004543272349927 0.13617174079975858
v -0.43186891104359426 0.402839062682096 0.13779145963560907
v 0.0940417574639082 -0.30857876700046577 0.12537361522742324
v 0.1868495224946416 -0.21578513704186908 0.12699333406327373
v -0.43186891104359426 0.4050206134867539 0.0128104977410601
v -0.5246766760743277 0.31222698352815714 0.011190778905209621
v 0.1868495224946417 -0.2136035862372112 0.0020123721687247617
v 0.0940417574639083 -0.3063972161958079 0.00039265333287428344
vt 0.5625 1
vt 0.59375 1
vt 0.59375 0.78125
vt 0.5625 0.78125
vt 0.578125 0.765625
vt 0.609375 0.765625
vt 0.609375 0.546875
vt 0.578125 0.546875
vt 0.578125 0.53125
vt 0.609375 0.53125
vt 0.609375 0.3125
vt 0.578125 0.3125
vt 0.609375 1
vt 0.640625 1
vt 0.640625 0.78125
vt 0.609375 0.78125
vt 0.484375 0.15625
vt 0.453125 0.15625
vt 0.453125 0.1875
vt 0.484375 0.1875
vt 0.8125 0.1875
vt 0.78125 0.1875
vt 0.78125 0.15625
vt 0.8125 0.15625
vn 0.7071067811865401 0.706999085398832 0.01234071493981293
vn -7.580741590018646e-16 -0.017452406437263084 0.9998476951563916
vn -0.7071067811865401 -0.706999085398832 -0.01234071493981293
vn 7.580741590018646e-16 0.017452406437263084 -0.9998476951563916
vn -0.7071067811865548 0.7069990853988172 0.012340714939811731
vn 0.7071067811865548 -0.7069990853988172 -0.012340714939811731
usemtl m_26dbff90-d32a-46e5-cc56-f30475327ee9
f 44/124/31 47/123/31 45/122/31 42/121/31
f 43/128/32 44/127/32 42/126/32 41/125/32
f 48/132/33 43/131/33 41/130/33 46/129/33
f 47/136/34 48/135/34 46/134/34 45/133/34
f 46/140/35 41/139/35 42/138/35 45/137/35
f 47/144/36 44/143/36 43/142/36 48/141/36
o cube
v -1.376108451622673 0.9923272312380826 0.1793357741435292
v -1.272855265268611 1.1011168151854067 0.18123470339484138
v -1.285436655246136 0.9062960142433641 0.17783409366503466
v -1.182183468892074 1.015085598190688 0.17973302291634685
v -1.272855265268611 1.1044982189326265 -0.012485787541709537
v -1.376108451622673 0.9957086349853024 -0.014384716793021723
v -1.182183468892074 1.0184670019379078 -0.013987468020204091
v -1.285436655246136 0.9096774179905838 -0.015886397271516278
vt 0.734375 0.390625
vt 0.78125 0.390625
vt 0.78125 0.359375
vt 0.734375 0.359375
vt 0.78125 0.65625
vt 0.8203125 0.65625
vt 0.8203125 0.625
vt 0.78125 0.625
vt 0.734375 0.34375
vt 0.78125 0.34375
vt 0.78125 0.3125
vt 0.734375 0.3125
vt 0.78125 0.609375
vt 0.8203125 0.609375
vt 0.8203125 0.578125
vt 0.78125 0.578125
vt 0.765625 0.8046875
vt 0.71875 0.8046875
vt 0.71875 0.84375
vt 0.765625 0.84375
vt 0.78125 0.453125
vt 0.734375 0.453125
vt 0.734375 0.4140625
vt 0.78125 0.4140625
vn 0.6883545756937465 0.7252638929821603 0.012659528342080936
vn -7.580741590018647e-16 -0.017452406437263084 0.9998476951563917
vn -0.6883545756937465 -0.7252638929821603 -0.012659528342080936
vn 7.580741590018647e-16 0.017452406437263084 -0.9998476951563917
vn -0.7253743710122948 0.6882497359577484 0.012013443827956405
vn 0.7253743710122948 -0.6882497359577484 -0.012013443827956405
usemtl m_26dbff90-d32a-46e5-cc56-f30475327ee9
f 52/148/37 55/147/37 53/146/37 50/145/37
f 51/152/38 52/151/38 50/150/38 49/149/38
f 56/156/39 51/155/39 49/154/39 54/153/39
f 55/160/40 56/159/40 54/158/40 53/157/40
f 54/164/41 49/163/41 50/162/41 53/161/41
f 55/168/42 52/167/42 51/166/42 56/165/42
o cube
v -1.4624780319011241 1.0830004251041725 0.17466752857943424
v -1.367829277743234 1.1827242103892197 0.1764082137264704
v -1.3718062355245872 0.9969692081094541 0.17316584810093968
v -1.277157481366697 1.096692993394501 0.17490653324797584
v -1.367829277743234 1.1858874590559736 -0.0048141810206255575
v -1.4624780319011241 1.0861636737709266 -0.00655486616766171
v -1.277157481366697 1.099856242061255 -0.006315861499120119
v -1.3718062355245872 1.000132456776208 -0.008056546646156272
vt 0.734375 0.296875
vt 0.78125 0.296875
vt 0.78125 0.265625
vt 0.734375 0.265625
vt 0.828125 1
vt 0.859375 1
vt 0.859375 0.96875
vt 0.828125 0.96875
vt 0.734375 0.25
vt 0.78125 0.25
vt 0.78125 0.21875
vt 0.734375 0.21875
vt 0.828125 0.953125
vt 0.859375 0.953125
vt 0.859375 0.921875
vt 0.828125 0.921875
vt 0.8125 0.96875
vt 0.765625 0.96875
vt 0.765625 1
vt 0.8125 1
vt 0.8125 0.953125
vt 0.765625 0.953125
vt 0.765625 0.921875
vt 0.8125 0.921875
vn 0.6883545756937465 0.7252638929821603 0.012659528342080936
vn -7.580741590018647e-16 -0.017452406437263084 0.9998476951563917
vn -0.6883545756937465 -0.7252638929821603 -0.012659528342080936
vn 7.580741590018647e-16 0.017452406437263084 -0.9998476951563917
vn -0.7253743710122948 0.6882497359577484 0.012013443827956405
vn 0.7253743710122948 -0.6882497359577484 -0.012013443827956405
usemtl m_26dbff90-d32a-46e5-cc56-f30475327ee9
f 60/172/43 63/171/43 61/170/43 58/169/43
f 59/176/44 60/175/44 58/174/44 57/173/44
f 64/180/45 59/179/45 57/178/45 62/177/45
f 63/184/46 64/183/46 62/182/46 61/181/46
f 62/188/47 57/187/47 58/186/47 61/185/47
f 63/192/48 60/191/48 59/190/48 64/189/48
o cuboid
v -0.9462653153418433 1.4235638227500365 0.14054268170112466
v 0.05197148691653214 2.216518529071119 0.15980716560853575
v -0.6818724345247466 1.0908686504885614 0.13459903575407187
v 0.3163643677336288 1.883823356809644 0.15386351966148298
v -0.9459522987299526 1.4255987124426182 0.0405638777247832
v 0.0522845035284229 2.218553418763701 0.0598283616321943
v -0.6815594179128559 1.092903540181143 0.034620231777730416
v 0.31667738434551956 1.8858582465022258 0.05388471568514152
vt 0.3125 1
vt 0 1
vt 0 0.890625
vt 0.3125 0.890625
vt 0.3125 0.765625
vt 0.3125 0.875
vt 0 0.875
vt 0 0.765625
vt 0.171875 0.28125
vt 0.203125 0.28125
vt 0.203125 0.59375
vt 0.171875 0.59375
vt 0.25 0.28125
vt 0.25 0.59375
vt 0.21875 0.59375
vt 0.21875 0.28125
vt 0.609375 0.1875
vt 0.609375 0.296875
vt 0.578125 0.296875
vt 0.578125 0.1875
vt 0.03125 0.265625
vt 0 0.265625
vt 0 0.15625
vt 0.03125 0.15625
vn -0.0031301661189071725 -0.020348896925816727 0.9997880397634145
vn 0.0031301661189071725 0.020348896925816727 -0.9997880397634145
vn -0.6221008960402276 0.7828121700270003 0.013985049287182893
vn 0.6221008960402276 -0.7828121700270003 -0.013985049287182893
vn -0.7829308253006866 -0.6219252598596727 -0.015109399143067324
vn 0.7829308253006866 0.6219252598596727 0.015109399143067324
usemtl m_26dbff90-d32a-46e5-cc56-f30475327ee9
f 66/193/49 65/194/49 67/195/49 68/196/49
f 71/197/50 69/198/50 70/199/50 72/200/50
f 69/201/51 65/202/51 66/203/51 70/204/51
f 68/205/52 67/206/52 71/207/52 72/208/52
f 67/209/53 65/210/53 69/211/53 71/212/53
f 70/213/54 66/214/54 68/215/54 72/216/54
o cuboid
v -0.8154164520229235 1.1432715829384181 0.13790130564856895
v -0.44238972926327863 1.5799632390441745 0.14552378685949716
v -0.6638105126314159 1.0138075992979738 0.13564150340826206
v -0.2907837898717711 1.4504992554037301 0.14326398461919027
v -0.8154164520229232 1.1450059158281212 0.03854144094240251
v -0.4423897292632785 1.5816975719338775 0.04616392215333072
v -0.6638105126314158 1.0155419321876766 0.036281638702095616
v -0.29078378987177106 1.4522335882934332 0.04390411991302382
vt 0.765625 0.765625
vt 0.625 0.765625
vt 0.625 0.71875
vt 0.765625 0.71875
vt 0.765625 0.65625
vt 0.765625 0.703125
vt 0.625 0.703125
vt 0.625 0.65625
vt 0.6875 0.5
vt 0.71875 0.5
vt 0.71875 0.640625
vt 0.6875 0.640625
vt 0.71875 0.34375
vt 0.71875 0.484375
vt 0.6875 0.484375
vt 0.6875 0.34375
vt 0.796875 0.859375
vt 0.796875 0.90625
vt 0.765625 0.90625
vt 0.765625 0.859375
vt 0.8125 0.84375
vt 0.78125 0.84375
vt 0.78125 0.796875
vt 0.8125 0.796875
vn -7.598088824778415e-16 -0.017452406437263084 0.9998476951563917
vn 7.598088824778415e-16 0.017452406437263084 -0.9998476951563917
vn -0.7604059656000377 0.6493491342467431 0.01133443129934486
vn 0.7604059656000377 -0.6493491342467431 -0.01133443129934486
vn -0.6494480483301758 -0.7602901520883681 -0.013270913968971617
vn 0.6494480483301758 0.7602901520883681 0.013270913968971617
usemtl m_26dbff90-d32a-46e5-cc56-f30475327ee9
f 74/217/55 73/218/55 75/219/55 76/220/55
f 79/221/56 77/222/56 78/223/56 80/224/56
f 77/225/57 73/226/57 74/227/57 78/228/57
f 76/229/58 75/230/58 79/231/58 80/232/58
f 75/233/59 73/234/59 77/235/59 79/236/59
f 78/237/60 74/238/60 76/239/60 80/240/60
o cuboid
v -0.022019553018728932 2.1576905542091973 0.1571707926690645
v 0.572949292024598 2.3005081810887975 0.1596636836191394
v 0.050786219833834745 1.854478872927472 0.15187821308530425
v 0.6457550648771617 1.9972964998070721 0.15437110403537913
v -0.02201955301872882 2.1593921638368303 0.05968564239131632
v 0.5729492920245981 2.3022097907164305 0.06217853334139122
v 0.0507862198338348 1.856180482555105 0.05439306280755604
v 0.6457550648771617 1.9989981094347054 0.05688595375763095
vt 0.5 0.6875
vt 0.34375 0.6875
vt 0.34375 0.609375
vt 0.5 0.609375
vt 0.15625 0.515625
vt 0.15625 0.59375
vt 0 0.59375
vt 0 0.515625
vt 0.484375 0.203125
vt 0.515625 0.203125
vt 0.515625 0.359375
vt 0.484375 0.359375
vt 0.296875 0.1875
vt 0.296875 0.34375
vt 0.265625 0.34375
vt 0.265625 0.1875
vt 0.765625 0.5625
vt 0.765625 0.640625
vt 0.734375 0.640625
vt 0.734375 0.5625
vt 0.765625 0.546875
vt 0.734375 0.546875
vt 0.734375 0.46875
vt 0.765625 0.46875
vn -7.580741590018646e-16 -0.017452406437263084 0.9998476951563917
vn 7.580741590018646e-16 0.017452406437263084 -0.9998476951563917
vn -0.23344536385591566 0.9722218237490186 0.016970195058148996
vn 0.23344536385591566 -0.9722218237490186 -0.016970195058148996
vn -0.9723699203976743 -0.2334098089962823 -0.0040741833709088
vn 0.9723699203976743 0.2334098089962823 0.0040741833709088
usemtl m_26dbff90-d32a-46e5-cc56-f30475327ee9
f 82/241/61 81/242/61 83/243/61 84/244/61
f 87/245/62 85/246/62 86/247/62 88/248/62
f 85/249/63 81/250/63 82/251/63 86/252/63
f 84/253/64 83/254/64 87/255/64 88/256/64
f 83/257/65 81/258/65 85/259/65 87/260/65
f 86/261/66 82/262/66 84/263/66 88/264/66
o cuboid
v -1.2928757848678356 1.0055084941903039 0.15393695053807083
v -0.8916840355735692 1.500863588146625 0.1625834058655919
v -0.8751598305847101 0.66730030259328 0.14803350459449693
v -0.4739680812904438 1.1626553965496014 0.15667995992201803
v -1.2928757848678354 1.0078863845673809 0.017707702073012435
v -0.8916840355735691 1.503241478523702 0.026354157400533526
v -0.87515983058471 0.669678192970357 0.011804256129438556
v -0.47396808129044377 1.1650332869266784 0.020450711456959647
vt 0.15625 0.75
vt 0 0.75
vt 0 0.609375
vt 0.15625 0.609375
vt 0.328125 0.609375
vt 0.328125 0.75
vt 0.171875 0.75
vt 0.171875 0.609375
vt 0.3125 0.1875
vt 0.34375 0.1875
vt 0.34375 0.34375
vt 0.3125 0.34375
vt 0.390625 0.1875
vt 0.390625 0.34375
vt 0.359375 0.34375
vt 0.359375 0.1875
vt 0.71875 0.1875
vt 0.71875 0.328125
vt 0.6875 0.328125
vt 0.6875 0.1875
vt 0.5625 0.296875
vt 0.53125 0.296875
vt 0.53125 0.15625
vt 0.5625 0.15625
vn -7.580741590018647e-16 -0.017452406437263084 0.9998476951563917
vn 7.580741590018647e-16 0.017452406437263084 -0.9998476951563917
vn -0.7771459614569775 0.6292245425060911 0.010983155243858312
vn 0.7771459614569775 -0.6292245425060911 -0.010983155243858312
vn -0.6293203910498293 -0.777027598362857 -0.013563067180425013
vn 0.6293203910498293 0.777027598362857 0.013563067180425013
usemtl m_26dbff90-d32a-46e5-cc56-f30475327ee9
f 90/265/67 89/266/67 91/267/67 92/268/67
f 95/269/68 93/270/68 94/271/68 96/272/68
f 93/273/69 89/274/69 90/275/69 94/276/69
f 92/277/70 91/278/70 95/279/70 96/280/70
f 91/281/71 89/282/71 93/283/71 95/284/71
f 94/285/72 90/286/72 92/287/72 96/288/72
o cuboid
v 0.8032638611490093 1.973836809311543 0.13395856705370632
v 0.6852662878271633 2.1195294840045764 0.13650164215003582
v 0.9684073779586142 2.1075470245940906 0.13629248754302653
v 0.8504098046367683 2.253239699287124 0.13883556263935604
v 0.8032638611490093 1.974927584713872 0.07146808610643182
v 0.6852662878271634 2.1206202594069055 0.07401116120276134
v 0.9684073779586143 2.1086377999964196 0.07380200659575203
v 0.8504098046367683 2.254330474689453 0.07634508169208155
vt 0.515625 0.765625
vt 0.46875 0.765625
vt 0.46875 0.71875
vt 0.515625 0.71875
vt 0.703125 0.796875
vt 0.703125 0.84375
vt 0.65625 0.84375
vt 0.65625 0.796875
vt 0.5 0.140625
vt 0.515625 0.140625
vt 0.515625 0.1875
vt 0.5 0.1875
vt 0.84375 0.8125
vt 0.84375 0.859375
vt 0.828125 0.859375
vt 0.828125 0.8125
vt 0.84375 0.75
vt 0.84375 0.796875
vt 0.828125 0.796875
vt 0.828125 0.75
vt 0.28125 0.171875
vt 0.265625 0.171875
vt 0.265625 0.125
vt 0.28125 0.125
vn -7.598088824778417e-16 -0.017452406437263087 0.9998476951563917
vn 7.598088824778417e-16 0.017452406437263087 -0.9998476951563917
vn -0.7771459614569645 -0.629224542506107 -0.010983155243859625
vn 0.7771459614569645 0.629224542506107 0.010983155243859625
vn 0.6293203910498454 -0.7770275983628441 -0.01356306718042395
vn -0.6293203910498454 0.7770275983628441 0.01356306718042395
usemtl m_26dbff90-d32a-46e5-cc56-f30475327ee9
f 98/289/73 97/290/73 99/291/73 100/292/73
f 103/293/74 101/294/74 102/295/74 104/296/74
f 101/297/75 97/298/75 98/299/75 102/300/75
f 100/301/76 99/302/76 103/303/76 104/304/76
f 99/305/77 97/306/77 101/307/77 103/308/77
f 102/309/78 98/310/78 100/311/78 104/312/78
o cuboid
v 0.46999973070206325 2.2858479444393596 0.1397172892781963
v 0.8560251762126151 2.2520802378933316 0.13912787176795938
v 0.4460319014464601 2.011936126915496 0.13493614071871676
v 0.832057346957012 1.9781684203694678 0.13434672320847982
v 0.46999973070206325 2.2869496275957117 0.07660190352144908
v 0.8560251762126151 2.2531819210496837 0.07601248601121213
v 0.4460319014464601 2.013037810071848 0.07182075496196952
v 0.832057346957012 1.97927010352582 0.0712313374517326
vt 0.75 1
vt 0.65625 1
vt 0.65625 0.9375
vt 0.75 0.9375
vt 0.75 0.859375
vt 0.75 0.921875
vt 0.65625 0.921875
vt 0.65625 0.859375
vt 0.140625 0.40625
vt 0.15625 0.40625
vt 0.15625 0.5
vt 0.140625 0.5
vt 0.15625 0.296875
vt 0.15625 0.390625
vt 0.140625 0.390625
vt 0.140625 0.296875
vt 0.25 0.203125
vt 0.25 0.265625
vt 0.234375 0.265625
vt 0.234375 0.203125
vt 0.25 0.1875
vt 0.234375 0.1875
vt 0.234375 0.125
vt 0.25 0.125
vn -7.606762442158298e-16 -0.017452406437263084 0.9998476951563916
vn 7.606762442158298e-16 0.017452406437263084 -0.9998476951563916
vn 0.08715574274764765 0.9960429728140502 0.017385994761743594
vn -0.08715574274764765 -0.9960429728140502 -0.017385994761743594
vn -0.9961946980917465 0.08714246850587913 0.0015210774457728128
vn 0.9961946980917465 -0.08714246850587913 -0.0015210774457728128
usemtl m_26dbff90-d32a-46e5-cc56-f30475327ee9
f 106/313/79 105/314/79 107/315/79 108/316/79
f 111/317/80 109/318/80 110/319/80 112/320/80
f 109/321/81 105/322/81 106/323/81 110/324/81
f 108/325/82 107/326/82 111/327/82 112/328/82
f 107/329/83 105/330/83 109/331/83 111/332/83
f 110/333/84 106/334/84 108/335/84 112/336/84