# Made in Blockbench 5.0.7
mtllib materials.mtl

o cube
v -0.022747563858639797 -0.12814078267209228 -0.03750000131708901
v -0.02274756497622693 -0.1281407837896794 0.03749999868291097
v -0.5972718246902974 0.44638347592438987 0.03749999868291097
v -0.5972718235727102 0.446383477041977 -0.03750000131708901
v 0.06564078378967858 -0.03975243502377379 -0.03749999868291097
v -0.508883475924392 0.5347718246902955 -0.03749999868291097
v 0.06564078267209145 -0.039752436141360925 0.03750000131708901
v -0.5088834770419791 0.5347718235727084 0.03750000131708901
vt 0.046875 0.578125
vt 0.0625 0.578125
vt 0.0625 0.78125
vt 0.046875 0.78125
vt 0 0.796875
vt 0.03125 0.796875
vt 0.03125 1
vt 0 1
vt 0.078125 0.578125
vt 0.09375 0.578125
vt 0.09375 0.78125
vt 0.078125 0.78125
vt 0.046875 0.796875
vt 0.078125 0.796875
vt 0.078125 1
vt 0.046875 1
vt 0.03125 0.53125
vt 0.046875 0.53125
vt 0.046875 0.5625
vt 0.03125 0.5625
vt 0.4375 0.921875
vt 0.453125 0.921875
vt 0.453125 0.953125
vt 0.4375 0.953125
vn -0.7071067811865466 -0.7071067811865481 -2.1073424373203946e-8
vn 1.490116125284362e-8 1.4901161252843653e-8 -0.9999999999999999
vn 0.7071067811865466 0.7071067811865481 2.1073424373203946e-8
vn -1.490116125284362e-8 -1.4901161252843653e-8 0.9999999999999999
vn -0.7071067811865482 0.7071067811865468 1.177569125336243e-16
vn 0.7071067811865482 -0.7071067811865468 -1.177569125336243e-16
usemtl m_42d285c2-1f96-0291-d641-e3a885786722
f 1/1/1 2/2/1 3/3/1 4/4/1
f 5/5/2 1/6/2 4/7/2 6/8/2
f 7/9/3 5/10/3 6/11/3 8/12/3
f 2/13/4 7/14/4 8/15/4 3/16/4
f 8/17/5 6/18/5 4/19/5 3/20/5
f 2/21/6 1/22/6 5/23/6 7/24/6
o cube
v 0.04398563880210504 -0.061407580011347274 -0.04999999932828459
v 0.0439856373119889 -0.061407581501463415 0.0500000006717154
v -0.5305386224020815 0.5131166782126059 0.0500000006717154
v -0.5305386209119655 0.5131166797027219 -0.04999999932828459
v 0.06961825962011736 -0.035774959193334954 -0.04999999856437296
v -0.5049060000939533 0.5387493005207343 -0.04999999856437296
v 0.06961825813000122 -0.035774960683451096 0.05000000143562703
v -0.5049060015840693 0.5387492990306183 0.05000000143562703
vt 0.09375 0.796875
vt 0.125 0.796875
vt 0.125 1
vt 0.09375 1
vt 0.109375 0.578125
vt 0.125 0.578125
vt 0.125 0.78125
vt 0.109375 0.78125
vt 0.140625 0.796875
vt 0.171875 0.796875
vt 0.171875 1
vt 0.140625 1
vt 0.140625 0.578125
vt 0.15625 0.578125
vt 0.15625 0.78125
vt 0.140625 0.78125
vt 0.0625 0.546875
vt 0.09375 0.546875
vt 0.09375 0.5625
vt 0.0625 0.5625
vt 0.109375 0.546875
vt 0.140625 0.546875
vt 0.140625 0.5625
vt 0.109375 0.5625
vn -0.7071067811865466 -0.7071067811865481 -2.1073424373203946e-8
vn 1.490116125284362e-8 1.4901161252843653e-8 -0.9999999999999999
vn 0.7071067811865466 0.7071067811865481 2.1073424373203946e-8
vn -1.490116125284362e-8 -1.4901161252843653e-8 0.9999999999999999
vn -0.7071067811865482 0.7071067811865468 1.177569125336243e-16
vn 0.7071067811865482 -0.7071067811865468 -1.177569125336243e-16
usemtl m_42d285c2-1f96-0291-d641-e3a885786722
f 9/25/7 10/26/7 11/27/7 12/28/7
f 13/29/8 9/30/8 12/31/8 14/32/8
f 15/33/9 13/34/9 14/35/9 16/36/9
f 10/37/10 15/38/10 16/39/10 11/40/10
f 16/41/11 14/42/11 12/43/11 11/44/11
f 10/45/12 9/46/12 13/47/12 15/48/12
o cube
v -0.5303176500428446 0.512895708833601 -0.04999999932828459
v -0.5303176515329606 0.512895707343485 0.0500000006717154
v -0.6191479409195209 0.601725996730045 0.0500000006717154
v -0.6191479394294048 0.601725998220161 -0.04999999932828459
v -0.5046850292248324 0.5385283296516135 -0.04999999856437296
v -0.5935153186113926 0.6273586190381735 -0.04999999856437296
v -0.5046850307149484 0.5385283281614974 0.05000000143562703
v -0.5935153201015086 0.6273586175480574 0.05000000143562703
vt 0.265625 0.65625
vt 0.296875 0.65625
vt 0.296875 0.6875
vt 0.265625 0.6875
vt 0.15625 0.53125
vt 0.171875 0.53125
vt 0.171875 0.5625
vt 0.15625 0.5625
vt 0.3125 0.65625
vt 0.34375 0.65625
vt 0.34375 0.6875
vt 0.3125 0.6875
vt 0.1875 0.53125
vt 0.203125 0.53125
vt 0.203125 0.5625
vt 0.1875 0.5625
vt 0.21875 0.53125
vt 0.25 0.53125
vt 0.25 0.546875
vt 0.21875 0.546875
vt 0.265625 0.53125
vt 0.296875 0.53125
vt 0.296875 0.546875
vt 0.265625 0.546875
vn -0.7071067811865466 -0.7071067811865481 -2.1073424373203946e-8
vn 1.490116125284362e-8 1.4901161252843653e-8 -0.9999999999999999
vn 0.7071067811865466 0.7071067811865481 2.1073424373203946e-8
vn -1.490116125284362e-8 -1.4901161252843653e-8 0.9999999999999999
vn -0.7071067811865482 0.7071067811865468 1.177569125336243e-16
vn 0.7071067811865482 -0.7071067811865468 -1.177569125336243e-16
usemtl m_42d285c2-1f96-0291-d641-e3a885786722
f 17/49/13 18/50/13 19/51/13 20/52/13
f 21/53/14 17/54/14 20/55/14 22/56/14
f 23/57/15 21/58/15 22/59/15 24/60/15
f 18/61/16 23/62/16 24/63/16 19/64/16
f 24/65/17 22/66/17 20/67/17 19/68/17
f 18/69/18 17/70/18 21/71/18 23/72/18
o cube
v -0.02672503931654957 -0.1321182581300021 -0.05000000143562703
v -0.026725040806665712 -0.13211825962011825 0.04999999856437296
v -0.6012493005207361 0.44240600009395104 0.04999999856437296
v -0.6012492990306201 0.44240600158406707 -0.05000000143562703
v -0.001092418498537251 -0.10648563731198979 -0.0500000006717154
v -0.5756166782126079 0.4680386224020795 -0.0500000006717154
v -0.0010924199886533925 -0.10648563880210593 0.04999999932828459
v -0.5756166797027239 0.46803862091196347 0.04999999932828459
vt 0.1875 0.796875
vt 0.21875 0.796875
vt 0.21875 1
vt 0.1875 1
vt 0.171875 0.578125
vt 0.1875 0.578125
vt 0.1875 0.78125
vt 0.171875 0.78125
vt 0 0.578125
vt 0.03125 0.578125
vt 0.03125 0.78125
vt 0 0.78125
vt 0.203125 0.578125
vt 0.21875 0.578125
vt 0.21875 0.78125
vt 0.203125 0.78125
vt 0.453125 0.703125
vt 0.484375 0.703125
vt 0.484375 0.71875
vt 0.453125 0.71875
vt 0.3125 0.53125
vt 0.34375 0.53125
vt 0.34375 0.546875
vt 0.3125 0.546875
vn -0.7071067811865466 -0.7071067811865481 -2.1073424373203946e-8
vn 1.490116125284362e-8 1.4901161252843653e-8 -0.9999999999999999
vn 0.7071067811865466 0.7071067811865481 2.1073424373203946e-8
vn -1.490116125284362e-8 -1.4901161252843653e-8 0.9999999999999999
vn -0.7071067811865482 0.7071067811865468 1.177569125336243e-16
vn 0.7071067811865482 -0.7071067811865468 -1.177569125336243e-16
usemtl m_42d285c2-1f96-0291-d641-e3a885786722
f 25/73/19 26/74/19 27/75/19 28/76/19
f 29/77/20 25/78/20 28/79/20 30/80/20
f 31/81/21 29/82/21 30/83/21 32/84/21
f 26/85/22 31/86/22 32/87/22 27/88/22
f 32/89/23 30/90/23 28/91/23 27/92/23
f 26/93/24 25/94/24 29/95/24 31/96/24
o cube
v -0.6010283281614993 0.4421850307149462 -0.05000000143562703
v -0.6010283296516153 0.44218502922483016 0.04999999856437296
v -0.6898586190381756 0.5310153186113902 0.04999999856437296
v -0.6898586175480595 0.5310153201015062 -0.05000000143562703
v -0.5753957073434871 0.4678176515329586 -0.0500000006717154
v -0.6642259967300473 0.5566479409195186 -0.0500000006717154
v -0.5753957088336031 0.4678176500428426 0.04999999932828459
v -0.6642259982201634 0.5566479394294026 0.04999999932828459
vt 0.328125 0.84375
vt 0.359375 0.84375
vt 0.359375 0.875
vt 0.328125 0.875
vt 0.453125 0.65625
vt 0.46875 0.65625
vt 0.46875 0.6875
vt 0.453125 0.6875
vt 0.328125 0.796875
vt 0.359375 0.796875
vt 0.359375 0.828125
vt 0.328125 0.828125
vt 0.359375 0.515625
vt 0.375 0.515625
vt 0.375 0.546875
vt 0.359375 0.546875
vt 0.453125 0.625
vt 0.484375 0.625
vt 0.484375 0.640625
vt 0.453125 0.640625
vt 0.390625 0.53125
vt 0.421875 0.53125
vt 0.421875 0.546875
vt 0.390625 0.546875
vn -0.7071067811865466 -0.7071067811865481 -2.1073424373203946e-8
vn 1.490116125284362e-8 1.4901161252843653e-8 -0.9999999999999999
vn 0.7071067811865466 0.7071067811865481 2.1073424373203946e-8
vn -1.490116125284362e-8 -1.4901161252843653e-8 0.9999999999999999
vn -0.7071067811865482 0.7071067811865468 1.177569125336243e-16
vn 0.7071067811865482 -0.7071067811865468 -1.177569125336243e-16
usemtl m_42d285c2-1f96-0291-d641-e3a885786722
f 33/97/25 34/98/25 35/99/25 36/100/25
f 37/101/26 33/102/26 36/103/26 38/104/26
f 39/105/27 37/106/27 38/107/27 40/108/27
f 34/109/28 39/110/28 40/111/28 35/112/28
f 40/113/29 38/114/29 36/115/29 35/116/29
f 34/117/30 33/118/30 37/119/30 39/120/30
o cube
v -0.6899129432893272 0.52939999810382 -0.05000000146050672
v -0.6899129447794433 0.5293999966137038 0.04999999853949327
v -0.7341266266634513 0.647654860506314 0.049999999642792864
v -0.7341266251733352 0.6476548619964302 -0.05000000035720713
v -0.6547877361925123 0.5425327749010501 -0.05000000074140672
v -0.6990014180765203 0.6607876387936602 -0.049999999638107126
v -0.6547877376826284 0.542532773410934 0.049999999258593275
v -0.6990014195666364 0.6607876373035441 0.050000000361892866
vt 0.453125 0.59375
vt 0.484375 0.59375
vt 0.484375 0.609375
vt 0.453125 0.609375
vt 0.4375 0.53125
vt 0.46875 0.53125
vt 0.46875 0.546875
vt 0.4375 0.546875
vt 0.328125 0.75
vt 0.359375 0.75
vt 0.359375 0.78125
vt 0.328125 0.78125
vt 0.46875 0.96875
vt 0.484375 0.96875
vt 0.484375 1
vt 0.46875 1
vt 0.328125 0.703125
vt 0.359375 0.703125
vt 0.359375 0.734375
vt 0.328125 0.734375
vt 0.46875 0.921875
vt 0.484375 0.921875
vt 0.484375 0.953125
vt 0.46875 0.953125
vn -0.35020738125946854 0.9366721892483973 8.739006794349197e-9
vn 0.35020738125946854 -0.9366721892483973 -8.739006794349197e-9
vn -0.9366721892483971 -0.35020738125946843 -1.9175999975528393e-8
vn 1.4901161252843617e-8 1.4901161252843653e-8 -0.9999999999999998
vn 0.9366721892483971 0.35020738125946843 1.9175999975528393e-8
vn -1.4901161252843617e-8 -1.4901161252843653e-8 0.9999999999999998
usemtl m_42d285c2-1f96-0291-d641-e3a885786722
f 48/121/31 46/122/31 44/123/31 43/124/31
f 42/125/32 41/126/32 45/127/32 47/128/32
f 41/129/33 42/130/33 43/131/33 44/132/33
f 45/133/34 41/134/34 44/135/34 46/136/34
f 47/137/35 45/138/35 46/139/35 48/140/35
f 42/141/36 47/142/36 48/143/36 43/144/36
o cube
v -0.6050327734109361 0.5922877376826263 -0.049999999258593275
v -0.6050327749010522 0.5922877361925102 0.05000000074140672
v -0.7232876387936624 0.6365014180765178 0.049999999638107126
v -0.7232876373035464 0.636501419566634 -0.050000000361892866
v -0.5918999966137061 0.6274129447794412 -0.04999999853949327
v -0.7101548605063164 0.6716266266634489 -0.049999999642792864
v -0.5918999981038222 0.6274129432893251 0.05000000146050672
v -0.7101548619964324 0.6716266251733327 0.05000000035720713
vt 0.0625 0.515625
vt 0.09375 0.515625
vt 0.09375 0.53125
vt 0.0625 0.53125
vt 0.46875 0.890625
vt 0.5 0.890625
vt 0.5 0.90625
vt 0.46875 0.90625
vt 0.34375 0.96875
vt 0.375 0.96875
vt 0.375 1
vt 0.34375 1
vt 0.109375 0.5
vt 0.125 0.5
vt 0.125 0.53125
vt 0.109375 0.53125
vt 0.34375 0.921875
vt 0.375 0.921875
vt 0.375 0.953125
vt 0.34375 0.953125
vt 0.46875 0.84375
vt 0.484375 0.84375
vt 0.484375 0.875
vt 0.46875 0.875
vn -0.936672189248398 0.35020738125946654 -8.739006580040737e-9
vn 0.936672189248398 -0.35020738125946654 8.739006580040737e-9
vn -0.3502073812594664 -0.936672189248398 -1.9176000073194386e-8
vn 1.490116125284362e-8 1.4901161252843653e-8 -0.9999999999999998
vn 0.3502073812594664 0.936672189248398 1.9176000073194386e-8
vn -1.490116125284362e-8 -1.4901161252843653e-8 0.9999999999999998
usemtl m_42d285c2-1f96-0291-d641-e3a885786722
f 56/145/37 54/146/37 52/147/37 51/148/37
f 50/149/38 49/150/38 53/151/38 55/152/38
f 49/153/39 50/154/39 51/155/39 52/156/39
f 53/157/40 49/158/40 52/159/40 54/160/40
f 55/161/41 53/162/41 54/163/41 56/164/41
f 50/165/42 55/166/42 56/167/42 51/168/42
o cube
v -0.5972718235727102 0.446383477041977 -0.03750000131708901
v -0.5972718246902974 0.44638347592438987 0.03749999868291097
v -0.6856601723386158 0.5347718235727082 0.03749999868291097
v -0.6856601712210288 0.5347718246902952 -0.03750000131708901
v -0.508883475924392 0.5347718246902955 -0.03749999868291097
v -0.5972718235727106 0.6231601723386138 -0.03749999868291097
v -0.5088834770419791 0.5347718235727084 0.03750000131708901
v -0.5972718246902975 0.6231601712210268 0.03750000131708901
vt 0.46875 0.796875
vt 0.484375 0.796875
vt 0.484375 0.828125
vt 0.46875 0.828125
vt 0.265625 0.609375
vt 0.296875 0.609375
vt 0.296875 0.640625
vt 0.265625 0.640625
vt 0.46875 0.75
vt 0.484375 0.75
vt 0.484375 0.78125
vt 0.46875 0.78125
vt 0.3125 0.609375
vt 0.34375 0.609375
vt 0.34375 0.640625
vt 0.3125 0.640625
vt 0 0.484375
vt 0.015625 0.484375
vt 0.015625 0.515625
vt 0 0.515625
vt 0.03125 0.484375
vt 0.046875 0.484375
vt 0.046875 0.515625
vt 0.03125 0.515625
vn -0.7071067811865466 -0.7071067811865481 -2.1073424373203946e-8
vn 1.490116125284362e-8 1.4901161252843653e-8 -0.9999999999999999
vn 0.7071067811865466 0.7071067811865481 2.1073424373203946e-8
vn -1.490116125284362e-8 -1.4901161252843653e-8 0.9999999999999999
vn -0.7071067811865482 0.7071067811865468 1.177569125336243e-16
vn 0.7071067811865482 -0.7071067811865468 -1.177569125336243e-16
usemtl m_42d285c2-1f96-0291-d641-e3a885786722
f 57/169/43 58/170/43 59/171/43 60/172/43
f 61/173/44 57/174/44 60/175/44 62/176/44
f 63/177/45 61/178/45 62/179/45 64/180/45
f 58/181/46 63/182/46 64/183/46 59/184/46
f 64/185/47 62/186/47 60/187/47 59/188/47
f 58/189/48 57/190/48 61/191/48 63/192/48
o cube
v -0.6856601712210288 0.5347718246902952 -0.03750000131708901
v -0.6856601723386158 0.5347718235727082 0.03749999868291097
v -0.7298543461627753 0.667354345045186 0.03749999999999999
v -0.7298543450451884 0.6673543461627729 -0.03749999999999999
v -0.5972718235727106 0.6231601723386138 -0.03749999868291097
v -0.7298543450451884 0.6673543461627729 -0.03749999999999999
v -0.5972718246902975 0.6231601712210268 0.03750000131708901
v -0.7298543461627753 0.667354345045186 0.03749999999999999
vt 0.171875 0.484375
vt 0.1875 0.484375
vt 0.1875 0.515625
vt 0.171875 0.515625
vt 0.296875 0.979036875
vt 0.328125 0.96506140625
vt 0.328125 1
vt 0.32482578125 1
vt 0.203125 0.484375
vt 0.21875 0.484375
vt 0.21875 0.515625
vt 0.203125 0.515625
vt 0.296875 0.916536875
vt 0.328125 0.90256140625
vt 0.328125 0.9375
vt 0.32482578125 0.9375
vt 0 1
vt 0.015625 1
vt 0.015625 1
vt 0 1
vt 0.140625 0.484375
vt 0.15625 0.484375
vt 0.15625 0.515625
vt 0.140625 0.515625
vn -0.9486832980505134 -0.3162277660168389 -1.884864371421148e-8
vn 1.490116125284362e-8 1.4901161252843653e-8 -0.9999999999999999
vn 0.3162277660168368 0.948683298050514 1.8848643819536462e-8
vn -1.490116125284362e-8 -1.4901161252843653e-8 0.9999999999999999
vn 0 0 0
vn 0.7071067811865482 -0.7071067811865468 -1.177569125336243e-16
usemtl m_42d285c2-1f96-0291-d641-e3a885786722
f 65/193/49 66/194/49 67/195/49 68/196/49
f 69/197/50 65/198/50 68/199/50 70/200/50
f 71/201/51 69/202/51 70/203/51 72/204/51
f 66/205/52 71/206/52 72/207/52 67/208/52
f 72/209/53 70/210/53 68/211/53 67/212/53
f 66/213/54 65/214/54 69/215/54 71/216/54
o cube
v -0.6761584236579136 0.6587364824579831 -0.0503124993282846
v -0.676158425157343 0.6587364809585536 0.050312500671715395
v -0.752172404134897 0.689672402635465 0.050312499999999996
v -0.7521724026354676 0.6896724041348945 -0.050312499999999996
v -0.7212364809585557 0.6136584251573405 -0.050312500671715395
v -0.7521724026354676 0.6896724041348945 -0.050312499999999996
v -0.7212364824579852 0.613658423657911 0.0503124993282846
v -0.752172404134897 0.689672402635465 0.050312499999999996
vt 0.234375 0.5
vt 0.265625 0.5
vt 0.265625 0.515625
vt 0.234375 0.515625
vt 0 0.45442312500000004
vt 0.015625 0.44823296874999996
vt 0.015625 0.46875
vt 0.01468625 0.46875
vt 0.28125 0.5
vt 0.3125 0.5
vt 0.3125 0.515625
vt 0.28125 0.515625
vt 0.53125 0.985673125
vt 0.546875 0.97948296875
vt 0.546875 1
vt 0.54593625 1
vt 0 1
vt 0.03125 1
vt 0.03125 1
vt 0 1
vt 0.46875 0.5625
vt 0.5 0.5625
vt 0.5 0.578125
vt 0.46875 0.578125
vn -0.37695475137495527 -0.9262316748070354 -1.9418991156420652e-8
vn -1.490116125284362e-8 -1.4901161252843653e-8 0.9999999999999999
vn 0.9262316748070345 0.37695475137495726 1.9418991064947684e-8
vn 1.490116125284362e-8 1.4901161252843653e-8 -0.9999999999999999
vn 0 0 0
vn -0.7071067811865482 0.7071067811865468 1.177569125336243e-16
usemtl m_42d285c2-1f96-0291-d641-e3a885786722
f 73/217/55 74/218/55 75/219/55 76/220/55
f 77/221/56 73/222/56 76/223/56 78/224/56
f 79/225/57 77/226/57 78/227/57 80/228/57
f 74/229/58 79/230/58 80/231/58 75/232/58
f 80/233/59 78/234/59 76/235/59 75/236/59
f 74/237/60 73/238/60 77/239/60 79/240/60
o cube
v -0.19451530347717605 -0.23323449013058395 -0.03750000544264608
v -0.19451530459476313 -0.23323449124817103 0.0374999945573539
v -0.25184741227170065 -0.17566199842981164 0.03749999456093592
v -0.2518474111541136 -0.17566199731222454 -0.037500005439064066
v -0.170597588954358 -0.17549201934862851 -0.03750000422581449
v -0.2518474111541136 -0.17566199731222454 -0.037500005439064066
v -0.17059759007194508 -0.1754920204662156 0.037499995774185495
v -0.25184741227170065 -0.17566199842981164 0.03749999456093592
vt 0.203125 0.453125
vt 0.21875 0.453125
vt 0.21875 0.46875
vt 0.203125 0.46875
vt 0.03125 0.4544471875
vt 0.046875 0.44843750000000004
vt 0.046875 0.46875
vt 0.045673125 0.46875
vt 0.53125 0.671875
vt 0.546875 0.671875
vt 0.546875 0.6875
vt 0.53125 0.6875
vt 0.53125 0.9388221875
vt 0.546875 0.9328125
vt 0.546875 0.953125
vt 0.545673125 0.953125
vt 0 1
vt 0.015625 1
vt 0.015625 1
vt 0 1
vt 0.375 0.703125
vt 0.390625 0.703125
vt 0.390625 0.71875
vt 0.375 0.71875
vn -0.7085845269951924 -0.7056259406392308 -2.1073378257757546e-8
vn 1.490116125284362e-8 1.490116125284365e-8 -0.9999999999999999
vn -0.002092036475028536 0.9999978116892991 1.4869954979272448e-8
vn -1.490116125284362e-8 -1.490116125284365e-8 0.9999999999999999
vn 0 0 0
vn 0.9238795325112872 -0.38268343236508895 8.064450262030625e-9
usemtl m_42d285c2-1f96-0291-d641-e3a885786722
f 81/241/61 82/242/61 83/243/61 84/244/61
f 85/245/62 81/246/62 84/247/62 86/248/62
f 87/249/63 85/250/63 86/251/63 88/252/63
f 82/253/64 87/254/64 88/255/64 83/256/64
f 88/257/65 86/258/65 84/259/65 83/260/65
f 82/261/66 81/262/66 85/263/66 87/264/66
o cube
v 0.10857260308379847 0.10367817268952859 -0.037499995905894395
v 0.1085726019662114 0.10367817157194148 0.03750000409410559
v 0.10874257992980726 0.18492799377169705 0.037500005307355165
v 0.10874258104739436 0.18492799488928413 -0.03749999469264482
v 0.16631507386575387 0.12759588721234677 -0.0374999946890628
v 0.10874258104739436 0.18492799488928413 -0.03749999469264482
v 0.1663150727481668 0.12759588609475966 0.03750000531093718
v 0.10874257992980726 0.18492799377169705 0.037500005307355165
vt 0.53125 0.546875
vt 0.546875 0.546875
vt 0.546875 0.5625
vt 0.53125 0.5625
vt 0.140625 0.4544471875
vt 0.15625 0.44843750000000004
vt 0.15625 0.46875
vt 0.155048125 0.46875
vt 0.53125 0.515625
vt 0.546875 0.515625
vt 0.546875 0.53125
vt 0.53125 0.53125
vt 0.171875 0.4544471875
vt 0.1875 0.44843750000000004
vt 0.1875 0.46875
vt 0.186298125 0.46875
vt 0 1
vt 0.015625 1
vt 0.015625 1
vt 0 1
vt 0.328125 0.453125
vt 0.34375 0.453125
vt 0.34375 0.46875
vt 0.328125 0.46875
vn -0.9999978116892992 0.0020920364750263718 -1.4869954812390991e-8
vn 1.4901161252843617e-8 1.490116125284365e-8 -0.9999999999999998
vn 0.7056259406392291 0.7085845269951939 2.107337825825024e-8
vn -1.4901161252843617e-8 -1.490116125284365e-8 0.9999999999999998
vn 0 0 0
vn 0.38268343236509084 -0.9238795325112863 -8.064450479617029e-9
usemtl m_42d285c2-1f96-0291-d641-e3a885786722
f 89/265/67 90/266/67 91/267/67 92/268/67
f 93/269/68 89/270/68 92/271/68 94/272/68
f 95/273/69 93/274/69 94/275/69 96/276/69
f 90/277/70 95/278/70 96/279/70 91/280/70
f 96/281/71 94/282/71 92/283/71 91/284/71
f 90/285/72 89/286/72 93/287/72 95/288/72
o cube
v 0.1616702652214539 0.0011722288663145175 -0.04374999664213517
v 0.1616702639176023 0.0011722275624629352 0.04375000335786481
v 0.0992299266322555 0.0038988739266361816 0.043750002468061475
v 0.09922992793610708 0.003898875230487764 -0.043749997531938506
v 0.16739533201862478 0.13229781653782569 -0.0437499946029015
v 0.10495495617882222 0.1350235798597837 -0.043749995492718574
v 0.1673953307147732 0.1322978152339741 0.04375000539709848
v 0.10495495487497064 0.1350235785559321 0.043750004507281406
vt 0.34375 0.890625
vt 0.359375 0.890625
vt 0.359375 0.90625
vt 0.34375 0.90625
vt 0.421875 0.625
vt 0.421875 0.59375
vt 0.4375 0.59375
vt 0.4375 0.625
vt 0.234375 0.609375
vt 0.25 0.609375
vt 0.25 0.625
vt 0.234375 0.625
vt 0.421875 0.5625
vt 0.453125 0.5625
vt 0.453125 0.578125
vt 0.421875 0.578125
vt 0.453125 1
vt 0.4375 1
vt 0.4375 0.96875
vt 0.453125 0.96875
vt 0 0.53125
vt 0.015625 0.53125
vt 0.015625 0.5625
vt 0 0.5625
vn -0.04362645171976126 -0.9990479131204585 -1.5537058949551738e-8
vn 1.490116125284362e-8 1.4901161252843653e-8 -0.9999999999999998
vn 0.04361232300872708 0.9990485299933044 1.553685760747297e-8
vn -1.490116125284362e-8 -1.4901161252843653e-8 0.9999999999999998
vn -0.9990482215818577 0.0436193873653355 -1.4236999060646262e-8
vn 0.9990482215818578 -0.04361938736533522 1.4236999060646267e-8
usemtl m_42d285c2-1f96-0291-d641-e3a885786722
f 97/289/73 98/290/73 99/291/73 100/292/73
f 101/293/74 97/294/74 100/295/74 102/296/74
f 103/297/75 101/298/75 102/299/75 104/300/75
f 98/301/76 103/302/76 104/303/76 99/304/76
f 104/305/77 102/306/77 100/307/77 99/308/77
f 98/309/78 97/310/78 101/311/78 103/312/78
o cube
v -0.06694173731026992 -0.2253679647127136 -0.06250000342443145
v -0.06694173917291507 -0.22536796657535874 0.06249999657556854
v -0.12439416514432206 -0.16791554060395186 0.06249999657556854
v -0.1243941632816769 -0.1679155387413067 -0.06250000342443145
v 0.02586602772046437 -0.13256019968197913 -0.0625000006585445
v -0.031586398250942616 -0.07510777371057226 -0.0625000006585445
v 0.02586602585781922 -0.13256020154462428 0.06249999934145548
v -0.031586400113587765 -0.0751077755732174 0.06249999934145548
vt 0.484375 0.671875
vt 0.515625 0.671875
vt 0.515625 0.6875
vt 0.484375 0.6875
vt 0.390625 0.5
vt 0.421875 0.5
vt 0.421875 0.515625
vt 0.390625 0.515625
vt 0.4375 0.5
vt 0.46875 0.5
vt 0.46875 0.515625
vt 0.4375 0.515625
vt 0.484375 0.53125
vt 0.515625 0.53125
vt 0.515625 0.546875
vt 0.484375 0.546875
vt 0.359375 0.65625
vt 0.390625 0.65625
vt 0.390625 0.6875
vt 0.359375 0.6875
vt 0.359375 0.609375
vt 0.390625 0.609375
vt 0.390625 0.640625
vt 0.359375 0.640625
vn -0.7071067811865466 -0.7071067811865481 -2.1073424373203946e-8
vn 1.490116125284362e-8 1.4901161252843653e-8 -0.9999999999999999
vn 0.7071067811865466 0.7071067811865481 2.1073424373203946e-8
vn -1.490116125284362e-8 -1.4901161252843653e-8 0.9999999999999999
vn -0.7071067811865482 0.7071067811865468 1.177569125336243e-16
vn 0.7071067811865482 -0.7071067811865468 -1.177569125336243e-16
usemtl m_42d285c2-1f96-0291-d641-e3a885786722
f 105/313/79 106/314/79 107/315/79 108/316/79
f 109/317/80 105/318/80 108/319/80 110/320/80
f 111/321/81 109/322/81 110/323/81 112/324/81
f 106/325/82 111/326/82 112/327/82 107/328/82
f 112/329/83 110/330/83 108/331/83 107/332/83
f 106/333/84 105/334/84 109/335/84 111/336/84
o cube
v -0.19706166639811223 -0.23441780028699183 -0.04375000549822254
v -0.19706166770196382 -0.2344178015908434 0.04374999450177744
v -0.199787431023922 -0.1719774257510409 0.04374999539159451
v -0.1997874297200704 -0.17197742444718933 -0.043750004608405474
v -0.06593607872660096 -0.22869273348982078 -0.04375000345898888
v -0.0686627250907744 -0.16625239620447396 -0.043750002569185535
v -0.06593608003045254 -0.22869273479367236 0.0437499965410111
v -0.06866272639462598 -0.16625239750832554 0.043749997430814445
vt 0.53125 0.484375
vt 0.546875 0.484375
vt 0.546875 0.5
vt 0.53125 0.5
vt 0.484375 0.5
vt 0.515625 0.5
vt 0.515625 0.515625
vt 0.484375 0.515625
vt 0.53125 0.453125
vt 0.546875 0.453125
vt 0.546875 0.46875
vt 0.53125 0.46875
vt 0.328125 0.515625
vt 0.328125 0.484375
vt 0.34375 0.484375
vt 0.34375 0.515625
vt 0.5 0.96875
vt 0.515625 0.96875
vt 0.515625 1
vt 0.5 1
vt 0.515625 0.953125
vt 0.5 0.953125
vt 0.5 0.921875
vt 0.515625 0.921875
vn -0.9990485299933043 -0.0436123230087297 -1.553685744836092e-8
vn 1.490116125284362e-8 1.490116125284365e-8 -0.9999999999999998
vn 0.9990479131204584 0.04362645171976326 1.5537058790442128e-8
vn -1.490116125284362e-8 -1.490116125284365e-8 0.9999999999999998
vn -0.04361938736533694 0.9990482215818576 1.4236999234285275e-8
vn 0.043619387365337166 -0.9990482215818577 -1.4236999234285277e-8
usemtl m_42d285c2-1f96-0291-d641-e3a885786722
f 113/337/85 114/338/85 115/339/85 116/340/85
f 117/341/86 113/342/86 116/343/86 118/344/86
f 119/345/87 117/346/87 118/347/87 120/348/87
f 114/349/88 119/350/88 120/351/88 115/352/88
f 120/353/89 118/354/89 116/355/89 115/356/89
f 114/357/90 113/358/90 117/359/90 119/360/90
o cube
v 0.07769651311909687 -0.14019651069765876 -0.08124999999999999
v 0.07769651069765815 -0.14019651311909748 0.08124999999999999
v -0.034803294305645105 -0.14019651311909764 0.08124999832362226
v -0.03480329188420639 -0.14019651069765893 -0.08125000167637772
v 0.07769651311909676 -0.02769670569435556 -0.08124999832362226
v -0.0348032918842065 -0.027696705694355672 -0.08124999999999999
v 0.07769651069765804 -0.027696708115794277 0.08125000167637772
v -0.034803294305645216 -0.02769670811579439 0.08124999999999999
vt 0.265625 0.84375
vt 0.3125 0.84375
vt 0.3125 0.875
vt 0.265625 0.875
vt 0.375 0.90625
vt 0.375 0.875
vt 0.40625 0.875
vt 0.40625 0.90625
vt 0.265625 0.796875
vt 0.3125 0.796875
vt 0.3125 0.828125
vt 0.265625 0.828125
vt 0.375 0.828125
vt 0.40625 0.828125
vt 0.40625 0.859375
vt 0.375 0.859375
vt 0.3125 0.78125
vt 0.265625 0.78125
vt 0.265625 0.75
vt 0.3125 0.75
vt 0.265625 0.703125
vt 0.3125 0.703125
vt 0.3125 0.734375
vt 0.265625 0.734375
vn 1.3322676295501882e-15 -1 -1.490116136038109e-8
vn 1.490116125284362e-8 1.4901161252843653e-8 -0.9999999999999999
vn -8.881784197001252e-16 1 1.4901161360381093e-8
vn -1.490116125284362e-8 -1.4901161252843653e-8 0.9999999999999999
vn -1 -1.1657341758564146e-15 -1.4901161193847676e-8
vn 1 8.326672684688676e-16 1.490116119384767e-8
usemtl m_42d285c2-1f96-0291-d641-e3a885786722
f 121/361/91 122/362/91 123/363/91 124/364/91
f 125/365/92 121/366/92 124/367/92 126/368/92
f 127/369/93 125/370/93 126/371/93 128/372/93
f 122/373/94 127/374/94 128/375/94 123/376/94
f 128/377/95 126/378/95 124/379/95 123/380/95
f 122/381/96 121/382/96 125/383/96 127/384/96
o cube
v 0.08015415093919381 -0.11786298514188442 -0.06874999963058287
v 0.0801541488902841 -0.11786298719079413 0.06875000036941711
v -0.0004007814477021143 -0.10725771129821071 0.06874999932708604
v -0.00040077939879240576 -0.107257709249301 -0.06875000067291394
v 0.0989176713197169 0.024657480198431947 -0.06874999722726419
v 0.018362740981730685 0.03526275609101526 -0.06874999826959527
v 0.0989176692708072 0.02465747814952224 0.0687500027727358
v 0.018362738932820977 0.03526275404210555 0.06875000173040471
vt 0.5 0.796875
vt 0.53125 0.796875
vt 0.53125 0.8125
vt 0.5 0.8125
vt 0.0625 0.5
vt 0.0625 0.46875
vt 0.078125 0.46875
vt 0.078125 0.5
vt 0.5 0.828125
vt 0.53125 0.828125
vt 0.53125 0.84375
vt 0.5 0.84375
vt 0.5 0.859375
vt 0.53125 0.859375
vt 0.53125 0.875
vt 0.5 0.875
vt 0.40625 0.765625
vt 0.375 0.765625
vt 0.375 0.734375
vt 0.40625 0.734375
vt 0.375 0.78125
vt 0.40625 0.78125
vt 0.40625 0.8125
vt 0.375 0.8125
vn -0.13052641144316357 -0.9914448325125154 -1.6718674526154077e-8
vn 1.490116125284362e-8 1.4901161252843653e-8 -0.9999999999999999
vn 0.13052641144316332 0.9914448325125156 1.6718674526154074e-8
vn -1.490116125284362e-8 -1.4901161252843653e-8 0.9999999999999999
vn -0.9914445506437495 0.13052855242748182 -1.2828648042045495e-8
vn 0.9914445506437495 -0.13052855242748154 1.28286480420455e-8
usemtl m_42d285c2-1f96-0291-d641-e3a885786722
f 129/385/97 130/386/97 131/387/97 132/388/97
f 133/389/98 129/390/98 132/391/98 134/392/98
f 135/393/99 133/394/99 134/395/99 136/396/99
f 130/397/100 135/398/100 136/399/100 131/400/100
f 136/401/101 134/402/101 132/403/101 131/404/101
f 130/405/102 129/406/102 133/407/102 135/408/102
o cube
v 0.06564078416220759 -0.0927854432402358 -0.06249999947316438
v 0.06564078229956244 -0.09278544510288095 0.0625000005268356
v 0.008188356328155455 -0.035333019131474075 0.0625000005268356
v 0.008188358190800604 -0.035333017268828926 -0.06249999947316438
v 0.15844854919294185 0.000022321790498658345 -0.06249999670727744
v 0.10099612322153484 0.05747474776190553 -0.06249999670727744
v 0.1584485473302967 0.000022319927853509114 0.06250000329272254
v 0.10099612135888969 0.05747474589926038 0.06250000329272254
vt 0.5 0.765625
vt 0.53125 0.765625
vt 0.53125 0.78125
vt 0.5 0.78125
vt 0.5 0.734375
vt 0.53125 0.734375
vt 0.53125 0.75
vt 0.5 0.75
vt 0.5 0.703125
vt 0.53125 0.703125
vt 0.53125 0.71875
vt 0.5 0.71875
vt 0.5 0.640625
vt 0.53125 0.640625
vt 0.53125 0.65625
vt 0.5 0.65625
vt 0.390625 0.96875
vt 0.421875 0.96875
vt 0.421875 1
vt 0.390625 1
vt 0.390625 0.921875
vt 0.421875 0.921875
vt 0.421875 0.953125
vt 0.390625 0.953125
vn -0.7071067811865466 -0.7071067811865481 -2.1073424373203946e-8
vn 1.490116125284362e-8 1.4901161252843653e-8 -0.9999999999999999
vn 0.7071067811865466 0.7071067811865481 2.1073424373203946e-8
vn -1.490116125284362e-8 -1.4901161252843653e-8 0.9999999999999999
vn -0.7071067811865482 0.7071067811865468 1.177569125336243e-16
vn 0.7071067811865482 -0.7071067811865468 -1.177569125336243e-16
usemtl m_42d285c2-1f96-0291-d641-e3a885786722
f 137/409/103 138/410/103 139/411/103 140/412/103
f 141/413/104 137/414/104 140/415/104 142/416/104
f 143/417/105 141/418/105 142/419/105 144/420/105
f 138/421/106 143/422/106 144/423/106 139/424/106
f 144/425/107 142/426/107 140/427/107 139/428/107
f 138/429/108 137/430/108 141/431/108 143/432/108
o cube
v 0.3396446615832852 -0.4631326201753998 -0.043125000908791414
v 0.33964466029806006 -0.46313262146062495 0.043124999091208566
v 0.04000816177026023 -0.16349612293282573 0.043124999091208566
v 0.04000816305548538 -0.16349612164760058 -0.043125000908791414
v 0.4006326214606249 -0.40214466029806 -0.043124999091208566
v 0.100996122932825 -0.10250816177026084 -0.043124999091208566
v 0.40063262017539975 -0.4021446615832852 0.043125000908791414
v 0.10099612164759986 -0.10250816305548599 0.043125000908791414
vt 0.234375 0.890625
vt 0.25 0.890625
vt 0.25 1
vt 0.234375 1
vt 0.234375 0.765625
vt 0.25 0.765625
vt 0.25 0.875
vt 0.234375 0.875
vt 0.234375 0.640625
vt 0.25 0.640625
vt 0.25 0.75
vt 0.234375 0.75
vt 0.265625 0.890625
vt 0.28125 0.890625
vt 0.28125 1
vt 0.265625 1
vt 0.0625 0.4375
vt 0.078125 0.4375
vt 0.078125 0.453125
vt 0.0625 0.453125
vt 0.09375 0.4375
vt 0.109375 0.4375
vt 0.109375 0.453125
vt 0.09375 0.453125
vn -0.7071067811865466 -0.7071067811865481 -2.1073424373203946e-8
vn 1.490116125284362e-8 1.4901161252843653e-8 -0.9999999999999999
vn 0.7071067811865466 0.7071067811865481 2.1073424373203946e-8
vn -1.490116125284362e-8 -1.4901161252843653e-8 0.9999999999999999
vn -0.7071067811865482 0.7071067811865468 1.177569125336243e-16
vn 0.7071067811865482 -0.7071067811865468 -1.177569125336243e-16
usemtl m_42d285c2-1f96-0291-d641-e3a885786722
f 145/433/109 146/434/109 147/435/109 148/436/109
f 149/437/110 145/438/110 148/439/110 150/440/110
f 151/441/111 149/442/111 150/443/111 152/444/111
f 146/445/112 151/446/112 152/447/112 147/448/112
f 152/449/113 150/450/113 148/451/113 147/452/113
f 146/453/114 145/454/114 149/455/114 151/456/114
o cube
v 0.0816616142083359 -0.11912472880456415 -0.06874999962692135
v 0.08166161215942619 -0.11912473085347386 0.06875000037307863
v 0.0007208666839550459 -0.11204394032336717 0.06874999927247953
v 0.0007208687328647545 -0.11204393827445747 -0.06875000072752045
v 0.0816616142083359 -0.11912472880456415 -0.06874999962692135
v 0.0007208687328647545 -0.11204393827445747 -0.06875000072752045
v 0.08166161215942619 -0.11912473085347386 0.06875000037307863
v 0.0007208666839550459 -0.11204394032336717 0.06874999927247953
vt 0.5 0.609375
vt 0.53125 0.609375
vt 0.53125 0.625
vt 0.5 0.625
vt 0 0.984375
vt 0 0.984375
vt 0 1
vt 0 1
vt 0.09375 0.46875
vt 0.125 0.46875
vt 0.125 0.484375
vt 0.09375 0.484375
vt 0 0.984375
vt 0 0.984375
vt 0 1
vt 0 1
vt 0 1
vt 0.03125 1
vt 0.03125 1
vt 0 1
vt 0 1
vt 0.03125 1
vt 0.03125 1
vt 0 1
vn -0.08714832729238299 -0.9961953468322062 -1.6143078882365523e-8
vn 0 0 0
vn 0.08714832729238299 0.9961953468322062 1.6143078882365523e-8
vn 0 0 0
vn 0 0 0
vn 0 0 0
usemtl m_42d285c2-1f96-0291-d641-e3a885786722
f 153/457/115 154/458/115 155/459/115 156/460/115
f 157/461/116 153/462/116 156/463/116 158/464/116
f 159/465/117 157/466/117 158/467/117 160/468/117
f 154/469/118 159/470/118 160/471/118 155/472/118
f 160/473/119 158/474/119 156/475/119 155/476/119
f 154/477/120 153/478/120 157/479/120 159/480/120
o cube
v -0.09340786015254232 -0.16230287857157483 -0.06881250287906439
v -0.09340786220331465 -0.16230288062234716 0.06881249712093558
v -0.10402904799847495 -0.08162420659765335 0.0688124981648735
v -0.10402904594770263 -0.08162420454688102 -0.06881250183512647
v 0.04923634887448164 -0.14352344828847474 -0.0688125004736647
v 0.03861516307932139 -0.06284477426378093 -0.06881249942972678
v 0.04923634682370931 -0.14352345033924707 0.06881249952633527
v 0.03861516102854906 -0.06284477631455326 0.06881250057027319
vt 0.234375 0.46875
vt 0.265625 0.46875
vt 0.265625 0.484375
vt 0.234375 0.484375
vt 0.515625 0.890625
vt 0.546875 0.890625
vt 0.546875 0.90625
vt 0.515625 0.90625
vt 0.28125 0.46875
vt 0.3125 0.46875
vt 0.3125 0.484375
vt 0.28125 0.484375
vt 0.359375 0.5
vt 0.359375 0.46875
vt 0.375 0.46875
vt 0.375 0.5
vt 0.234375 0.5625
vt 0.265625 0.5625
vt 0.265625 0.59375
vt 0.234375 0.59375
vt 0.3125 0.59375
vt 0.28125 0.59375
vt 0.28125 0.5625
vt 0.3125 0.5625
vn -0.9914454388655289 -0.13052180565996782 -1.6718614786627764e-8
vn 1.490116125284362e-8 1.4901161252843653e-8 -0.9999999999999999
vn 0.9914454388655292 0.13052180565996743 1.671861478662776e-8
vn -1.490116125284362e-8 -1.4901161252843653e-8 0.9999999999999999
vn -0.13052594557122102 0.9914448938457139 1.2828692188184754e-8
vn 0.13052594557122127 -0.9914448938457138 -1.2828692188184747e-8
usemtl m_42d285c2-1f96-0291-d641-e3a885786722
f 161/481/121 162/482/121 163/483/121 164/484/121
f 165/485/122 161/486/122 164/487/122 166/488/122
f 167/489/123 165/490/123 166/491/123 168/492/123
f 162/493/124 167/494/124 168/495/124 163/496/124
f 168/497/125 166/498/125 164/499/125 163/500/125
f 162/501/126 161/502/126 165/503/126 167/504/126
o cube
v 0.06564078416220775 -0.21652912994788165 -0.06250000131708902
v 0.0656407822995626 -0.2165291318105268 0.06249999868291097
v -0.022747565348755938 -0.12814078416220842 0.06249999868291097
v -0.02274756348611079 -0.12814078229956327 -0.06250000131708902
v 0.1540291318105261 -0.12814078229956316 -0.06249999868291097
v 0.06564078416220759 -0.039752434651244783 -0.06249999868291097
v 0.15402912994788096 -0.1281407841622083 0.06250000131708902
v 0.06564078229956244 -0.03975243651388993 0.06250000131708902
vt 0.40625 0.6875
vt 0.4375 0.6875
vt 0.4375 0.71875
vt 0.40625 0.71875
vt 0.328125 0.5625
vt 0.359375 0.5625
vt 0.359375 0.59375
vt 0.328125 0.59375
vt 0.40625 0.640625
vt 0.4375 0.640625
vt 0.4375 0.671875
vt 0.40625 0.671875
vt 0.375 0.5625
vt 0.40625 0.5625
vt 0.40625 0.59375
vt 0.375 0.59375
vt 0.421875 0.875
vt 0.453125 0.875
vt 0.453125 0.90625
vt 0.421875 0.90625
vt 0.421875 0.828125
vt 0.453125 0.828125
vt 0.453125 0.859375
vt 0.421875 0.859375
vn -0.7071067811865466 -0.7071067811865481 -2.1073424373203946e-8
vn 1.490116125284362e-8 1.4901161252843653e-8 -0.9999999999999999
vn 0.7071067811865466 0.7071067811865481 2.1073424373203946e-8
vn -1.490116125284362e-8 -1.4901161252843653e-8 0.9999999999999999
vn -0.7071067811865482 0.7071067811865468 1.177569125336243e-16
vn 0.7071067811865482 -0.7071067811865468 -1.177569125336243e-16
usemtl m_42d285c2-1f96-0291-d641-e3a885786722
f 169/505/127 170/506/127 171/507/127 172/508/127
f 173/509/128 169/510/128 172/511/128 174/512/128
f 175/513/129 173/514/129 174/515/129 176/516/129
f 170/517/130 175/518/130 176/519/130 171/520/130
f 176/521/131 174/522/131 172/523/131 171/524/131
f 170/525/132 169/526/132 173/527/132 175/528/132
o cube
v 0.33080582710809475 -0.48178256123955365 -0.06256250131840609
v 0.3308058252435869 -0.4817825631040615 0.06256249868159387
v 0.29978151521902713 -0.45075825307950174 0.06256249868159387
v 0.29978151708353495 -0.4507582512149939 -0.06256250131840609
v 0.41928256310406137 -0.3933058252435868 -0.06256249868159387
v 0.38825825307950157 -0.3622815152190271 -0.06256249868159387
v 0.4192825612395536 -0.39330582710809464 0.06256250131840609
v 0.3882582512149938 -0.3622815170835349 0.06256250131840609
vt 0.390625 0.46875
vt 0.421875 0.46875
vt 0.421875 0.484375
vt 0.390625 0.484375
vt 0.515625 0.578125
vt 0.546875 0.578125
vt 0.546875 0.59375
vt 0.515625 0.59375
vt 0.4375 0.46875
vt 0.46875 0.46875
vt 0.46875 0.484375
vt 0.4375 0.484375
vt 0.484375 0.46875
vt 0.515625 0.46875
vt 0.515625 0.484375
vt 0.484375 0.484375
vt 0.421875 0.78125
vt 0.453125 0.78125
vt 0.453125 0.8125
vt 0.421875 0.8125
vt 0.421875 0.734375
vt 0.453125 0.734375
vt 0.453125 0.765625
vt 0.421875 0.765625
vn -0.7071067811865466 -0.7071067811865481 -2.1073424373203946e-8
vn 1.490116125284362e-8 1.4901161252843653e-8 -0.9999999999999999
vn 0.7071067811865466 0.7071067811865481 2.1073424373203946e-8
vn -1.490116125284362e-8 -1.4901161252843653e-8 0.9999999999999999
vn -0.7071067811865482 0.7071067811865468 1.177569125336243e-16
vn 0.7071067811865482 -0.7071067811865468 -1.177569125336243e-16
usemtl m_42d285c2-1f96-0291-d641-e3a885786722
f 177/529/133 178/530/133 179/531/133 180/532/133
f 181/533/134 177/534/134 180/535/134 182/536/134
f 183/537/135 181/538/135 182/539/135 184/540/135
f 178/541/136 183/542/136 184/543/136 179/544/136
f 184/545/137 182/546/137 180/547/137 179/548/137
f 178/549/138 177/550/138 181/551/138 183/552/138